3
10
20
3 4 6 7

2689.18 2770.29 2857.73 
2312.87 2474.94 2778.08 2249.95 2287.68 2191.79 2045.28 2992.49 2758.64 2924.18 
2597.08 2804.5 2919.09 2076.26 2245.09 2303.14 2338.74 2115.22 2079.89 2561.74 
2263.52 2580.56 2914.3 2272.34 2594.27 2900.18 2503.44 2763.27 2758.94 2046.25 

3
1	2	3	
4
4	5	6	7	
685.418	698.027	1400.7	608.456	
162.2	154.423	234.032	249.735	
1
6	

3
4	5	7	
6
8	9	10	11	12	13	
937.905	576.277	705.367	524.188	572.431	1047.69	
162.384	145.324	198.022	145.394	210.744	228.971	
1
10	

5
8	9	11	12	13	
7
14	15	16	17	18	19	20	
530.908	292.284	610.474	375.06	473.27	766.884	634.552	
87.7724	116.066	103.798	81.8377	112.299	115.498	150.072	
7
14	15	16	17	18	19	20	


m1
1383.09 1039.61 1456.59 300.983 404.676 222.442 800.643 753.332 407.227 528.489 
0
0 0 0 0 0 0 0 0 0 0 
677.348
0.867391

2
4	7	
0.808163	0.737612	

0


m2
1555.96 1290.18 1486.05 203.656 488.93 374.422 528.381 686.51 444.953 944.262 
0
0 0 0 0 0 0 0 0 0 0 
744.643
0.802212

2
4	5	
0.727692	0.926615	

0


m3
2221.21 2020.07 2108.54 268.072 560.048 173.557 801.799 830.284 1034.86 775.728 
0
0 0 0 0 0 0 0 0 0 0 
897.025
0.813732

2
6	7	
0.787755	0.823959	

0


m4
1136.93 944.335 942.174 190.088 320.077 231.064 402.248 430.911 628.389 617.008 
0
0 0 0 0 0 0 0 0 0 0 
305.963
3.33031

2
8	11	
0.811423	0.804361	

2
1	2	

m5
2539.91 2806.95 2980.02 720.004 808.212 337.576 1176.43 1491.97 693.122 1648.63 
0
0 0 0 0 0 0 0 0 0 0 
1399.67
2.55929

2
9	12	
0.890044	0.735021	

1
2	

m6
0 0 0 0 0 0 0 0 0 0 
14333.2
0 0 4944.19 0 3515.62 5873.38 0 0 0 0 
92.4531
12.898

0



1
3	

m7
841.172 919.955 761.893 204.895 244.866 167.317 254.275 249.048 458.601 234.27 
0
0 0 0 0 0 0 0 0 0 0 
397.308
3.00472

2
10	13	
0.803553	0.804424	

2
1	3	

m8
839.69 663.464 817.005 146.942 117.402 153.839 257.206 216.639 370.247 452.909 
0
0 0 0 0 0 0 0 0 0 0 
270.907
5.75832

2
14	19	
0.739368	0.831226	

1
4	

m9
922.019 941.499 1019.85 99.8628 122.542 229.605 207.106 503.444 400.017 342.882 
0
0 0 0 0 0 0 0 0 0 0 
398.702
8.39286

2
15	20	
0.874948	0.826361	

1
5	

m10
0 0 0 0 0 0 0 0 0 0 
11681.3
0 0 0 11681.3 0 0 0 0 0 0 
1487.84
18.4683

0



1
7	

m11
727.371 789.232 683.657 191.32 89.9912 127.88 252.288 289.158 345.952 334.986 
0
0 0 0 0 0 0 0 0 0 0 
340.799
7.25249

1
16	
0.903697	

1
4	

m12
829.757 717.694 815.29 248.598 249.06 126.871 444.423 348.841 367.774 303.185 
0
0 0 0 0 0 0 0 0 0 0 
373.362
8.03421

2
15	17	
0.843944	0.82059	

1
5	

m13
864.943 891.875 657.278 56.5628 89.6121 176.119 320.429 308.977 202.164 227.635 
0
0 0 0 0 0 0 0 0 0 0 
379.035
5.97148

1
18	
0.831723	

1
7	

m14
0 0 0 0 0 0 0 0 0 0 
6568.04
0 0 0 0 0 2806.98 0 2871.6 0 889.472 
871.356
16.8381

0



1
8	

m15
0 0 0 0 0 0 0 0 0 0 
1979.25
0 0 0 0 0 182.178 1076.71 720.363 0 0 
163.837
17.0714

0



2
9	12	

m16
0 0 0 0 0 0 0 0 0 0 
15381.4
0 0 0 0 0 0 0 0 15381.4 0 
3390.89
18.6837

0



1
11	

m17
0 0 0 0 0 0 0 0 0 0 
12284.1
0 0 0 0 0 0 0 0 12284.1 0 
1361.69
13.9677

0



1
12	

m18
0 0 0 0 0 0 0 0 0 0 
7890.63
0 0 0 0 0 4026.71 0 2571.91 0 1292.02 
1172.97
17.911

0



1
13	

m19
0 0 0 0 0 0 0 0 0 0 
11667.8
0 0 0 0 0 5012.82 0 0 6654.96 0 
96.8865
15.0841

0



1
8	

m20
0 0 0 0 0 0 0 0 0 0 
23305.7
0 0 0 0 0 3020.63 6963.22 13321.8 0 0 
2261.64
15.5237

0



1
9	


3 3 5
