3
10
20
4 3 6 7

2580.58 2928.22 2863.34 
2832.41 2709.31 2439.12 2538.63 2858.05 2234.74 2820 2002.36 2833.81 2450.7 
2946.03 2242.21 2091.33 2473.39 2680.42 2046.39 2810.74 2632.99 2502.78 2734.28 
2835.35 2426.63 2084 2776.95 2152.47 2530.54 2185.45 2511.63 2710.48 2362.36 

4
1	2	3	4	
3
5	6	7	
1264.75	1297.98	2100.93	
290.412	265.397	330.65	
1
5	

2
6	7	
6
8	9	10	11	12	13	
747.092	290.119	317.919	322.479	717.747	256.693	
126.475	108.878	128.723	155.053	155.544	148.841	
1
11	

5
8	9	10	12	13	
7
14	15	16	17	18	19	20	
568.937	460.516	549.356	821.981	301.789	406.378	599.378	
113.468	168.556	157.057	229.109	111.105	189.165	191.4	
7
14	15	16	17	18	19	20	


m1
766.551 557.28 715.335 147.294 127.22 72.0164 316.995 319.834 168.33 396.935 
0
0 0 0 0 0 0 0 0 0 0 
305.608
1.09451

3
5	6	7	
0.834795	0.81568	0.781967	

0


m2
737.835 645.688 746.704 93.9571 181.815 216.524 254.961 264.238 441.573 332.922 
0
0 0 0 0 0 0 0 0 0 0 
362.814
0.985862

3
5	6	7	
0.846684	0.810118	0.836757	

0


m3
891.987 816.114 787.481 194.296 76.7406 112.393 353.957 203.909 216.012 471.926 
0
0 0 0 0 0 0 0 0 0 0 
318.029
1.07119

2
5	7	
0.833802	0.964618	

0


m4
998.905 784.776 1098.72 293.13 228.044 252.933 245.68 497.514 464.465 308.142 
0
0 0 0 0 0 0 0 0 0 0 
423.417
1.17649

2
5	6	
0.721497	0.819206	

0


m5
0 0 0 0 0 0 0 0 0 0 
506.934
0 0 506.934 0 0 0 0 0 0 0 
89.3573
13.1119

0



4
1	2	3	4	

m6
1390.68 1694.79 1676.61 290.591 303.625 397.516 807.234 405.684 812.128 891.282 
0
0 0 0 0 0 0 0 0 0 0 
503.973
2.92633

3
8	10	12	
0.82994	0.783032	0.803655	

3
1	2	4	

m7
1104.68 1178.44 969.686 303.037 173.205 167.834 535.139 350.128 641.305 336.965 
0
0 0 0 0 0 0 0 0 0 0 
410.133
2.71922

3
9	11	13	
0.845352	0.732753	0.917139	

3
1	2	3	

m8
916.559 904.167 751.137 66.2516 134.843 82.5918 424.647 320.951 197.812 360.362 
0
0 0 0 0 0 0 0 0 0 0 
380.413
6.15372

2
14	19	
0.838518	0.791705	

1
6	

m9
604.726 776.012 712.769 139.042 161.822 70.5552 192.378 307.177 237.87 348.288 
0
0 0 0 0 0 0 0 0 0 0 
231.027
7.60361

3
15	18	20	
0.967001	0.729356	0.780002	

1
7	

m10
682.34 700.255 659.997 135.514 164.688 169.043 267.936 271.975 172.66 258.704 
0
0 0 0 0 0 0 0 0 0 0 
215.428
6.24161

3
15	16	17	
0.89393	0.915056	0.72239	

1
6	

m11
0 0 0 0 0 0 0 0 0 0 
10765.2
0 0 0 0 0 5235.79 0 5529.41 0 0 
1305.39
17.7755

0



1
7	

m12
1751 2441.25 2426.26 637.487 211.653 367.425 794.805 624.78 1267.66 807.132 
0
0 0 0 0 0 0 0 0 0 0 
770.053
5.62269

2
15	17	
0.818593	0.964186	

1
6	

m13
819.551 589.892 778.667 77.4303 163.162 96.8383 261.581 176.487 434.506 318.461 
0
0 0 0 0 0 0 0 0 0 0 
318.044
7.57368

2
15	18	
0.913335	0.912986	

1
7	

m14
0 0 0 0 0 0 0 0 0 0 
2159.78
0 0 0 0 0 548.398 1055.16 0 556.222 0 
214.713
16.3964

0



1
8	

m15
0 0 0 0 0 0 0 0 0 0 
9751.72
0 0 0 0 0 2024.5 2978.96 0 0 4748.26 
202.056
18.0022

0



4
9	10	12	13	

m16
0 0 0 0 0 0 0 0 0 0 
17287.7
0 0 0 0 0 0 0 0 17287.7 0 
1073.78
15.7483

0



1
10	

m17
0 0 0 0 0 0 0 0 0 0 
12469.4
0 0 0 0 0 4514.61 4146.27 0 0 3808.51 
886.349
14.0246

0



2
10	12	

m18
0 0 0 0 0 0 0 0 0 0 
12411.8
0 0 0 0 0 0 7072.35 0 0 5339.48 
2716.36
16.1476

0



2
9	13	

m19
0 0 0 0 0 0 0 0 0 0 
20233.4
0 0 0 0 0 0 0 8245.38 0 11988 
1355.27
18.6566

0



1
8	

m20
0 0 0 0 0 0 0 0 0 0 
15592.7
0 0 0 0 0 0 0 0 0 15592.7 
1662.96
16.5069

0



1
9	


2 5 4
