3
10
20
8 5 4 3

2953.52 2460.37 2462.08 
2635.98 2350.5 2584.55 2884.16 2441.87 2453.62 2737.42 2291.02 2292.01 2213.68 
2534.43 2183.57 2757.44 2135.78 2909.14 2353.27 2462.37 2257.34 2068.05 2758.89 
2787.62 2037.66 2165.69 2481.1 2391.43 2406.03 2020.53 2201.78 2740.98 2371.82 

8
1	2	3	4	5	6	7	8	
5
9	10	11	12	13	
1109.37	1386.89	459.297	1050.93	865.064	
162.281	189.292	151.758	209.991	183.583	
1
9	

4
10	11	12	13	
4
14	15	16	17	
631.121	905.511	1052.31	617.047	
223.692	180.654	312.842	216.703	
1
17	

3
14	15	16	
3
18	19	20	
996.152	1627.85	1080.6	
315.193	246.939	310.608	
3
18	19	20	


m1
545.881 487.347 490.912 154.627 51.813 134.754 193.839 221.587 168.779 165.525 
0
0 0 0 0 0 0 0 0 0 0 
153.008
0.829525

1
9	
0.905809	

0


m2
467.174 488.573 408.743 145.916 141.51 36.5173 297.961 117.835 156.637 176.677 
0
0 0 0 0 0 0 0 0 0 0 
233.241
0.903529

1
10	
0.795453	

0


m3
407.977 418.878 340.486 33.5887 39.577 83.6507 197.573 128.326 100.079 176.262 
0
0 0 0 0 0 0 0 0 0 0 
134.698
0.973247

1
11	
0.816677	

0


m4
322.775 376.097 348.151 36.5133 51.2941 61.6506 116.309 181.976 93.9469 210.503 
0
0 0 0 0 0 0 0 0 0 0 
120.798
1.12331

1
12	
0.809222	

0


m5
422.155 441.821 385 123.61 52.2345 94.8445 170.942 184.095 257.769 161.385 
0
0 0 0 0 0 0 0 0 0 0 
196.661
0.965887

1
13	
0.9036	

0


m6
527.144 497.991 387.797 51.985 143.63 144.822 102.574 129.36 251.647 147.273 
0
0 0 0 0 0 0 0 0 0 0 
199.645
0.969235

1
9	
0.82923	

0


m7
390.894 357.03 412.098 98.5351 90.8922 102.259 153.305 206.891 147.826 201.603 
0
0 0 0 0 0 0 0 0 0 0 
190.16
1.04762

1
12	
0.97881	

0


m8
336.943 392.087 388.554 43.2756 103.135 50.0246 150.107 194.814 89.0919 187.273 
0
0 0 0 0 0 0 0 0 0 0 
132.279
1.03308

1
13	
0.85593	

0


m9
0 0 0 0 0 0 0 0 0 0 
13892.1
0 0 5376.97 0 0 8515.08 0 0 0 0 
2603.82
16.5171

0



2
1	6	

m10
982.811 724.957 808.523 103.713 152.62 124.062 391.768 475.548 413.563 433.769 
0
0 0 0 0 0 0 0 0 0 0 
319.765
3.452

1
14	
0.743661	

1
2	

m11
670.081 718.587 629.148 205.258 86.1553 207.307 287.17 241.744 199.96 417.947 
0
0 0 0 0 0 0 0 0 0 0 
304.906
2.5627

1
15	
0.971843	

1
3	

m12
1187.16 1276.52 1520.13 134.534 113.727 397.535 804.348 683.073 672.416 372.67 
0
0 0 0 0 0 0 0 0 0 0 
742.332
3.56558

1
16	
0.86231	

2
4	7	

m13
587.334 522.888 506.387 76.9972 172.846 134.773 186.643 203.892 355.418 141.139 
0
0 0 0 0 0 0 0 0 0 0 
222.255
3.50643

1
17	
0.752889	

2
5	8	

m14
949.157 957.417 757.336 92.1193 279.934 110.873 481.107 268.264 383.5 371.822 
0
0 0 0 0 0 0 0 0 0 0 
275.273
6.99776

1
18	
0.909135	

1
10	

m15
969.707 966.774 819.092 265.182 181.755 108.841 464.084 395.343 414.541 388.117 
0
0 0 0 0 0 0 0 0 0 0 
366.975
6.73455

1
19	
0.90191	

1
11	

m16
1058.87 1062.77 1125.47 214.396 172.785 256.245 405.578 495.241 266.541 276.806 
0
0 0 0 0 0 0 0 0 0 0 
540.603
7.46614

1
20	
0.814905	

1
12	

m17
0 0 0 0 0 0 0 0 0 0 
10138.7
0 0 0 5171.22 4967.49 0 0 0 0 0 
640.777
18.8769

0



1
13	

m18
0 0 0 0 0 0 0 0 0 0 
12516.3
0 0 0 0 0 2694.94 5057.46 0 4763.87 0 
2311.72
19.1941

0



1
14	

m19
0 0 0 0 0 0 0 0 0 0 
12678
0 0 0 0 0 0 0 0 0 12678 
1640.51
17.1308

0



1
15	

m20
0 0 0 0 0 0 0 0 0 0 
21864.8
0 0 0 0 0 0 0 4935.69 10137.4 6791.68 
858.529
16.483

0



1
16	


3 3 2
