3
10
20
5 5 5 5

2760.72 3178.27 1818.81 
2242.43 2492.81 2928.53 2751.58 2626.26 2018.13 2012.8 2927.7 2205.03 2332.5 
2502.98 2946.79 2433.7 2605.96 2532.91 2386.9 2761.62 2944.55 2651.42 2972.44 
2322.31 2087.08 2337.34 2470.88 2428.68 2068.99 2304.07 2128.07 2298.4 2438.79 

5
1	2	3	4	5	
5
6	7	8	9	10	
1331.53	1455.77	1659.04	948.169	831.908	
472.219	348.487	378.981	420.764	293.774	
1
10	

4
6	7	8	9	
5
11	12	13	14	15	
595.009	462.828	741.59	473.853	1058.3	
175.158	185.894	142.686	140.865	129.061	
3
13	14	15	

2
11	12	
5
16	17	18	19	20	
919.145	430.903	567.816	900.287	1151.18	
167.051	241.387	225.293	222.746	181.76	
5
16	17	18	19	20	


m1
697.86 565.58 526.998 95.1953 148.613 65.6234 178.314 198.904 178.668 210.74 
0
0 0 0 0 0 0 0 0 0 0 
271.287
0.859013

3
6	7	8	
0.730109	0.817507	0.754357	

0


m2
606.869 545.171 563.078 169.323 160.925 170.429 287.766 289.492 147.593 151.432 
0
0 0 0 0 0 0 0 0 0 0 
259.22
0.890207

3
7	8	9	
0.788238	0.780631	0.856747	

0


m3
961.634 990.823 984.779 94.2729 154.545 113.459 409.532 481.005 399.047 238.262 
0
0 0 0 0 0 0 0 0 0 0 
474.951
1.05023

3
7	8	9	
0.81742	0.850911	0.957424	

0


m4
771.408 857.615 815.509 106.844 179.395 228.52 232.168 476.349 220.443 263.574 
0
0 0 0 0 0 0 0 0 0 0 
247.927
1.14438

3
7	8	9	
0.918444	0.787982	0.804527	

0


m5
769.36 662.79 684.283 75.177 137.09 163.376 273.815 177.014 296.928 397.643 
0
0 0 0 0 0 0 0 0 0 0 
222.319
1.11742

3
7	9	10	
0.856762	0.874638	0.822526	

0


m6
2286.26 2750.79 2395.71 234.395 181.532 310.628 1263.49 1414.43 1040.32 564.056 
0
0 0 0 0 0 0 0 0 0 0 
724.432
2.68267

3
11	12	15	
0.855346	0.868547	0.849266	

1
1	

m7
1012.12 1056.52 954.671 224.577 316.98 248.655 430.734 288.317 512.136 434.64 
0
0 0 0 0 0 0 0 0 0 0 
521.384
2.67773

4
11	12	13	15	
0.947216	0.910059	0.941607	0.793227	

5
1	2	3	4	5	

m8
804.443 942.75 987.089 245.065 79.0956 274.424 253.251 324.303 433.611 313.223 
0
0 0 0 0 0 0 0 0 0 0 
287.501
2.49429

4
11	12	13	15	
0.740452	0.892887	0.776586	0.896147	

4
1	2	3	4	

m9
1389.65 1693.9 1950.13 445.788 349.312 373.178 715.49 504.825 811.994 985.922 
0
0 0 0 0 0 0 0 0 0 0 
737.176
3.33053

3
12	13	14	
0.91199	0.839053	0.8478	

4
2	3	4	5	

m10
0 0 0 0 0 0 0 0 0 0 
8874.18
0 0 0 0 8874.18 0 0 0 0 0 
550.72
18.4964

0



1
5	

m11
569.461 590.243 703.82 195.426 100.634 72.9287 307.179 391.427 355.104 404.237 
0
0 0 0 0 0 0 0 0 0 0 
351.785
6.13907

4
16	18	19	20	
0.808346	0.848328	0.81609	0.917274	

3
6	7	8	

m12
673.759 686.337 968.203 110.182 259.744 236.1 291.584 501.834 217.164 366.916 
0
0 0 0 0 0 0 0 0 0 0 
319.528
7.44433

4
17	18	19	20	
0.864767	0.874376	0.862886	0.854816	

4
6	7	8	9	

m13
0 0 0 0 0 0 0 0 0 0 
10682.1
0 0 0 0 0 0 10682.1 0 0 0 
694.522
18.2337

0



3
7	8	9	

m14
0 0 0 0 0 0 0 0 0 0 
1308.43
0 0 1308.43 0 0 0 0 0 0 0 
241.26
17.8844

0



1
9	

m15
0 0 0 0 0 0 0 0 0 0 
8680.81
0 0 0 0 1820.58 6860.24 0 0 0 0 
1224
13.1914

0



3
6	7	8	

m16
0 0 0 0 0 0 0 0 0 0 
21998.7
0 0 0 0 0 0 15158.5 0 0 6840.24 
826.36
14.8127

0



1
11	

m17
0 0 0 0 0 0 0 0 0 0 
19218.7
0 0 0 0 0 0 0 19218.7 0 0 
416.072
14.5297

0



1
12	

m18
0 0 0 0 0 0 0 0 0 0 
26738.7
0 0 0 0 0 18741.2 0 0 7997.49 0 
3072.1
13.6943

0



2
11	12	

m19
0 0 0 0 0 0 0 0 0 0 
8884.82
0 0 0 0 0 0 0 0 5507.6 3377.21 
1368.28
15.2203

0



2
11	12	

m20
0 0 0 0 0 0 0 0 0 0 
9697.87
0 0 0 0 0 4524.92 5172.94 0 0 0 
886.843
16.7051

0



2
11	12	


2 4 3
