3
12
25
7 7 6 5

2756.06 2868.24 1060.8 
2272.59 2371.56 2958.52 2499.25 2140.1 2464.2 2937.86 2293.51 2712.21 2120.21 2153.53 2027.4 
2905.04 2236.94 2235.22 2631.39 2869.91 2320.15 2181.16 2690.53 2972.89 2475.96 2644.63 2767.88 
2681.12 2269.91 2344.52 2886.7 2915.24 2809.85 2063.28 2678.51 2426.34 2073.11 2419.7 2463.45 

7
1	2	3	4	5	6	7	
7
8	9	10	11	12	13	14	
754.292	741.049	423.692	274.632	402.336	643.882	311.673	
205.466	169.847	166.807	168.937	152.058	110.13	105.553	
1
13	

6
8	9	10	11	12	14	
6
15	16	17	18	19	20	
577.389	298.073	546.284	639.77	470.32	614.876	
109.809	143.788	112.857	160.214	147.553	155.215	
4
16	18	19	20	

2
15	17	
5
21	22	23	24	25	
1610.13	1993.18	1205.19	750.952	1920.12	
294.38	283.872	314.063	323.885	325.893	
5
21	22	23	24	25	


m1
440.265 526.522 467.883 488.86 47.587 72.3317 61.6971 44.3308 136.251 283.157 242.154 247.181 
0
0 0 0 0 0 0 0 0 0 0 0 0 
199.769
0.80084

3
8	10	11	
0.864734	0.84711	0.886397	

0


m2
370.602 463.608 396.63 404.389 137.956 103.906 53.9855 41.1917 205.945 119.247 271.874 272.304 
0
0 0 0 0 0 0 0 0 0 0 0 0 
127.483
0.894765

4
8	9	10	12	
0.778244	0.945072	0.975178	0.957792	

0


m3
492.705 475.328 436.07 345.725 44.2179 118.47 42.9481 105.515 223.065 231.249 197.341 173.989 
0
0 0 0 0 0 0 0 0 0 0 0 0 
199.049
0.805533

3
10	11	12	
0.80463	0.94112	0.804905	

0


m4
419.126 467.727 446.045 336.873 41.1425 86.7327 41.7505 130.458 120.004 182.089 105.959 108.058 
0
0 0 0 0 0 0 0 0 0 0 0 0 
204.109
1.11208

3
11	12	14	
0.816192	0.833273	0.720269	

0


m5
428.097 595.471 433.446 476.448 79.5937 78.1826 154.307 56.3621 143.136 297.696 246.751 291.313 
0
0 0 0 0 0 0 0 0 0 0 0 0 
244.636
0.926894

3
9	10	12	
0.852606	0.836182	0.853832	

0


m6
381.733 405.767 465.353 377.618 45.5753 126.043 42.8783 74.4228 126.871 228.352 158.715 97.1199 
0
0 0 0 0 0 0 0 0 0 0 0 0 
188.932
0.927602

4
9	10	12	13	
0.866606	0.767133	0.830819	0.947154	

0


m7
494.838 384.379 367.244 353.857 117.959 99.9776 123.474 114.59 169.873 216.705 223.43 148.092 
0
0 0 0 0 0 0 0 0 0 0 0 0 
146.058
1.10135

4
8	10	13	14	
0.73535	0.787047	0.926106	0.974547	

0


m8
1179.23 1404.6 1311.78 1225.62 234.401 396.192 339.236 238.561 721.714 680.734 380.331 762.266 
0
0 0 0 0 0 0 0 0 0 0 0 0 
626.583
2.49781

4
15	16	18	19	
0.955478	0.818212	0.769522	0.83882	

3
1	2	7	

m9
517.959 622.422 548.535 523.474 176.715 175.169 72.717 68.7541 212.791 264.467 220.295 309.768 
0
0 0 0 0 0 0 0 0 0 0 0 0 
291.515
3.49859

3
16	17	19	
0.82357	0.75915	0.88351	

3
2	5	6	

m10
897.546 1055.04 844.009 885.219 142.785 88.9993 82.4749 236.425 470.341 363.466 430.13 399.57 
0
0 0 0 0 0 0 0 0 0 0 0 0 
468.859
2.58571

4
15	17	18	19	
0.850258	0.767075	0.857921	0.81711	

6
1	2	3	5	6	7	

m11
989.953 838.735 899.744 868.524 154.885 331.167 221.959 192.653 565.726 467.264 441.945 547.84 
0
0 0 0 0 0 0 0 0 0 0 0 0 
387.878
3.59075

3
17	18	20	
0.904072	0.899743	0.790617	

3
1	3	4	

m12
943.984 682.994 939.652 934.228 73.0638 110.489 103.314 139.118 257.718 341.636 472.996 483.132 
0
0 0 0 0 0 0 0 0 0 0 0 0 
332.914
2.43206

3
15	17	19	
0.924389	0.812709	0.794566	

5
2	3	4	5	6	

m13
0 0 0 0 0 0 0 0 0 0 0 0 
7673.75
0 0 0 3468.74 0 0 4205.01 0 0 0 0 0 
463.552
17.0139

0



2
6	7	

m14
1228.8 872.487 1111.43 925.275 167.527 228.929 195.107 150.604 480.687 410.359 403.107 277.871 
0
0 0 0 0 0 0 0 0 0 0 0 0 
324.945
2.80932

4
15	16	17	20	
0.872518	0.785438	0.975311	0.836658	

2
4	7	

m15
644.275 792.826 777.09 574.032 167.98 164.671 58.7657 176.097 324.834 416.515 383.36 335.1 
0
0 0 0 0 0 0 0 0 0 0 0 0 
254.107
6.89837

3
21	23	25	
0.835789	0.755986	0.887731	

4
8	10	12	14	

m16
0 0 0 0 0 0 0 0 0 0 0 0 
11368.1
0 0 0 3384.03 3462.34 0 0 0 4521.78 0 0 0 
2217.23
15.8337

0



3
8	9	14	

m17
150.05 146.648 118.402 139.514 18.4641 40.6343 30.0346 38.0595 71.2414 67.6008 79.0322 54.4629 
0
0 0 0 0 0 0 0 0 0 0 0 0 
68.1955
6.94163

4
21	22	24	25	
0.963835	0.792	0.979347	0.910073	

5
9	10	11	12	14	

m18
0 0 0 0 0 0 0 0 0 0 0 0 
14744.4
0 0 0 0 0 0 0 14744.4 0 0 0 0 
1839.38
13.8141

0



3
8	10	11	

m19
0 0 0 0 0 0 0 0 0 0 0 0 
13789.9
0 0 0 0 0 0 0 0 0 13789.9 0 0 
302.791
14.4897

0



4
8	9	10	12	

m20
0 0 0 0 0 0 0 0 0 0 0 0 
11822.6
0 0 0 7780.55 0 0 4042 0 0 0 0 0 
3.6105
17.8469

0



2
11	14	

m21
0 0 0 0 0 0 0 0 0 0 0 0 
21860.9
0 0 0 0 0 0 5000.19 13119.5 0 0 3741.18 0 
3798.8
16.3427

0



2
15	17	

m22
0 0 0 0 0 0 0 0 0 0 0 0 
15897.7
0 0 0 0 0 0 0 0 0 0 0 15897.7 
1755.16
18.5035

0



1
17	

m23
0 0 0 0 0 0 0 0 0 0 0 0 
4619.95
0 0 0 0 0 0 3407.08 0 0 0 0 1212.87 
557.845
13.8671

0



1
15	

m24
0 0 0 0 0 0 0 0 0 0 0 0 
12590.6
0 0 0 0 0 0 0 0 12590.6 0 0 0 
1200.8
17.6987

0



1
17	

m25
0 0 0 0 0 0 0 0 0 0 0 0 
8295.6
0 0 0 0 0 0 0 2743.88 4468.52 0 1083.19 0 
790.388
15.6143

0



2
15	17	


4 5 2
