3
12
25
7 7 6 5

2904.98 2564.7 2843.21 
2385.42 2942.2 2472.64 2981.7 2348.32 2481.2 2840.31 2963.14 2299.36 2366.6 2499.5 2742.49 
2130.41 2162 2698.41 2007.75 2588.87 2834.92 2718.67 2557.76 2043.44 2182.38 2137.06 2328.52 
2885.18 2927.43 2266.87 2838.11 2260.78 2301.29 2041.85 2676.11 2516.64 2717.38 2302.37 2991.83 

7
1	2	3	4	5	6	7	
7
8	9	10	11	12	13	14	
568.151	879.278	1002.33	477.018	394.06	1093.67	725.609	
142.131	219.326	120.959	123.153	169.821	209.312	164.51	
1
9	

6
8	10	11	12	13	14	
6
15	16	17	18	19	20	
527.621	488.315	329.828	337.573	767.109	478.23	
102.379	110.186	145.486	112.807	155.341	101.71	
1
19	

5
15	16	17	18	20	
5
21	22	23	24	25	
908.419	734.849	992.593	822.702	1183.64	
292.78	263.244	295.001	253.598	211.437	
5
21	22	23	24	25	


m1
474.712 365.313 402.771 414.837 113.715 37.6266 124.034 79.2108 236.463 243.636 132.047 221.684 
0
0 0 0 0 0 0 0 0 0 0 0 0 
152.105
1.09567

1
8	
0.842904	

0


m2
503.938 480.031 502.265 341.968 79.9562 96.526 58.9404 74.939 246.547 148.679 192.106 159.28 
0
0 0 0 0 0 0 0 0 0 0 0 0 
158.902
0.851081

1
9	
0.958555	

0


m3
464.796 472.448 554.325 492.686 111.417 104.193 84.0326 42.5028 223.455 248.537 127.641 253.692 
0
0 0 0 0 0 0 0 0 0 0 0 0 
189.133
1.17655

1
10	
0.850427	

0


m4
378.633 391.067 341.286 456.36 61.7084 107.775 119.635 45.1049 253.285 114.835 235.742 252.376 
0
0 0 0 0 0 0 0 0 0 0 0 0 
160.208
1.10771

1
11	
0.843748	

0


m5
493.609 455.768 450.514 449.849 71.7617 69.1579 123.35 31.2175 232.091 164.212 127.221 169.754 
0
0 0 0 0 0 0 0 0 0 0 0 0 
211.694
1.04098

1
12	
0.903374	

0


m6
527.261 577.493 583.265 622.88 126.637 175.96 78.1393 113.148 301.765 322.353 227.507 126.552 
0
0 0 0 0 0 0 0 0 0 0 0 0 
249.944
1.05228

1
13	
0.960443	

0


m7
465.385 395.737 528.566 385.934 141.93 138.925 42.6878 35.3458 196.182 273.333 133.297 215.859 
0
0 0 0 0 0 0 0 0 0 0 0 0 
182.303
0.965547

1
14	
0.781453	

0


m8
1665.77 2112.59 2188.58 1845.32 569.027 573.18 477.043 242.913 947.184 502.474 1174.64 1183.3 
0
0 0 0 0 0 0 0 0 0 0 0 0 
712.462
2.45086

1
15	
0.781422	

1
1	

m9
0 0 0 0 0 0 0 0 0 0 0 0 
1363.38
0 0 0 455.27 165.769 742.339 0 0 0 0 0 0 
100.443
15.0139

0



1
2	

m10
504.329 439.919 383.001 456.535 56.8853 67.3706 43.5617 127.659 236.614 246.876 229.893 132.183 
0
0 0 0 0 0 0 0 0 0 0 0 0 
219.075
2.81256

1
16	
0.782943	

1
3	

m11
389.909 395.491 450.215 443.872 104.738 52.3815 124.976 83.9182 205.524 130.646 128.29 107.494 
0
0 0 0 0 0 0 0 0 0 0 0 0 
174.075
2.408

1
17	
0.872656	

1
4	

m12
414.293 385.162 320.386 306.785 72.3069 71.9981 28.6675 47.574 157.907 125.977 163.468 118.009 
0
0 0 0 0 0 0 0 0 0 0 0 0 
200.633
3.12488

1
18	
0.832239	

1
5	

m13
562.824 428.035 569.036 450.038 118.32 43.6607 134.983 45.3998 279.491 243.313 126.54 174.09 
0
0 0 0 0 0 0 0 0 0 0 0 0 
176.888
2.57875

1
19	
0.869984	

1
6	

m14
440.586 411.364 350.041 344.88 84.1545 82.4891 43.3852 86.3865 132.547 101.503 173.865 140.654 
0
0 0 0 0 0 0 0 0 0 0 0 0 
155.017
2.90903

1
20	
0.930933	

1
7	

m15
907.326 747.167 662.077 686.371 119.259 115.827 212.226 203.928 341.3 255.103 446.374 352.819 
0
0 0 0 0 0 0 0 0 0 0 0 0 
359.368
8.35593

1
21	
0.971828	

1
8	

m16
591.429 722.321 607.648 698.299 190.985 158.599 124.969 87.3475 287.502 330.264 266.347 220.261 
0
0 0 0 0 0 0 0 0 0 0 0 0 
285.655
5.64538

1
22	
0.801454	

1
10	

m17
842.123 730.407 623.655 892.695 135.223 159.51 108.794 222.199 315.623 279.663 253.263 371.328 
0
0 0 0 0 0 0 0 0 0 0 0 0 
261.683
7.23715

1
23	
0.876157	

1
11	

m18
914.023 919.356 1010.88 1046.7 292.021 176.256 302.474 319.195 300.845 404.939 347.525 279.058 
0
0 0 0 0 0 0 0 0 0 0 0 0 
310.544
8.08204

1
24	
0.753498	

1
12	

m19
0 0 0 0 0 0 0 0 0 0 0 0 
9311.05
0 0 0 0 0 0 0 2373.59 6937.45 0 0 0 
1913.2
13.4802

0



1
13	

m20
586.448 480.099 602.252 433.667 111.459 130.396 132.989 101.715 283.125 216.293 206.125 168.092 
0
0 0 0 0 0 0 0 0 0 0 0 0 
160.603
6.07982

1
25	
0.796993	

1
14	

m21
0 0 0 0 0 0 0 0 0 0 0 0 
21179.3
0 0 0 0 0 0 0 0 0 9024.5 12154.8 0 
3562.59
16.7986

0



1
15	

m22
0 0 0 0 0 0 0 0 0 0 0 0 
21880.9
0 0 0 0 0 0 0 0 0 0 0 21880.9 
3072.66
15.1305

0



1
16	

m23
0 0 0 0 0 0 0 0 0 0 0 0 
18295.3
0 0 0 0 0 0 0 18295.3 0 0 0 0 
1863.56
16.9523

0



1
17	

m24
0 0 0 0 0 0 0 0 0 0 0 0 
11267.4
0 0 0 0 0 0 3937.1 0 7330.26 0 0 0 
2471.09
17.9792

0



1
18	

m25
0 0 0 0 0 0 0 0 0 0 0 0 
17916.2
0 0 0 0 0 0 0 7367.57 0 10548.6 0 0 
70.8805
14.8114

0



1
20	


4 5 2
