3
12
25
7 6 7 5

2741.04 2569.38 2472.02 
2157.76 2891.89 2947.28 2394.08 2833.07 2445.39 2236.72 2066.61 2463.55 2594.32 2230.6 2823.39 
2738.63 2831.72 2586.34 2426.3 2974.84 2946.71 2566.96 2422.07 2134.64 2325.42 2470.62 2255.24 
2435.64 2610.19 2547.09 2628.43 2938.83 2243.4 2968.92 2028.21 2145.97 2201.66 2735.25 2478.98 

7
1	2	3	4	5	6	7	
6
8	9	10	11	12	13	
930.241	879.434	883.393	384.55	869.911	948.5	
238.428	185.784	193.948	177.418	173.337	150.42	
2
9	11	

4
8	10	12	13	
7
14	15	16	17	18	19	20	
766.145	599.087	399.569	1079.96	484.338	907.96	402.745	
150.733	179.544	178.471	210.28	107.603	158.759	174.736	
3
16	17	20	

4
14	15	18	19	
5
21	22	23	24	25	
497.462	1064.11	380.809	324.099	731.93	
109.577	125.337	117.493	188.553	116.875	
5
21	22	23	24	25	


m1
637.805 527.104 639.219 578.207 68.9371 181.336 174.772 178.551 287.069 206.585 127.425 161.376 
0
0 0 0 0 0 0 0 0 0 0 0 0 
180.503
0.955822

1
8	
0.777599	

0


m2
433.222 453.293 585.357 447.074 149.092 122.639 129.321 132.84 266.658 293.129 305.845 287.566 
0
0 0 0 0 0 0 0 0 0 0 0 0 
236.149
0.981773

1
9	
0.73058	

0


m3
368.95 439.17 406.057 374.152 109.784 132.959 110.524 51.228 229.158 228.293 114.654 220.386 
0
0 0 0 0 0 0 0 0 0 0 0 0 
152.904
0.800329

1
10	
0.751568	

0


m4
477.04 515.124 446.71 608.398 70.1262 73.9229 179.029 132.049 230.649 141.359 341.4 321.758 
0
0 0 0 0 0 0 0 0 0 0 0 0 
258.184
0.99425

2
10	11	
0.830695	0.81852	

0


m5
371.397 335.325 397.515 436.325 47.7388 52.7418 60.6415 54.0223 162.992 101.769 215.781 133.741 
0
0 0 0 0 0 0 0 0 0 0 0 0 
138.748
1.10742

1
12	
0.965835	

0


m6
366.017 469.019 374.658 437.918 68.1339 115.3 38.0762 127.732 92.7371 158.806 128.995 214.166 
0
0 0 0 0 0 0 0 0 0 0 0 0 
191.165
1.16521

2
11	13	
0.827949	0.812942	

0


m7
532.372 499.819 559.14 623.483 161.627 71.5812 161.239 110.589 174.906 287.063 218.387 201.602 
0
0 0 0 0 0 0 0 0 0 0 0 0 
166.492
0.954815

1
11	
0.832107	

0


m8
587.862 612.012 539.394 466.844 103.164 49.3663 130.501 155.912 244.972 268.766 259.707 264.71 
0
0 0 0 0 0 0 0 0 0 0 0 0 
209.765
3.56607

2
14	18	
0.816032	0.963321	

1
1	

m9
0 0 0 0 0 0 0 0 0 0 0 0 
2537.48
0 0 2537.48 0 0 0 0 0 0 0 0 0 
65.4107
14.8686

0



1
2	

m10
861.526 754.254 781.832 784.176 186.993 151.523 163.247 75.7064 417.764 271.224 388.496 331.866 
0
0 0 0 0 0 0 0 0 0 0 0 0 
364.769
2.92022

2
15	19	
0.841603	0.730645	

2
3	4	

m11
0 0 0 0 0 0 0 0 0 0 0 0 
6798.18
0 0 0 0 6798.18 0 0 0 0 0 0 0 
1703.88
15.4583

0



3
4	6	7	

m12
785.724 767.295 852.51 849.666 258.433 150.169 190.547 118.88 518.293 440.806 520.944 332.885 
0
0 0 0 0 0 0 0 0 0 0 0 0 
379.58
3.34339

2
16	20	
0.732744	0.91422	

1
5	

m13
1934.85 1997.4 2000.15 2017.08 440.068 590.809 337.229 306.889 523.957 787.09 715.232 537.171 
0
0 0 0 0 0 0 0 0 0 0 0 0 
803.507
2.50876

1
17	
0.896456	

1
6	

m14
456.046 506.406 454.296 557.26 127.159 100.326 150.921 79.5093 168.528 206.996 206.703 167.529 
0
0 0 0 0 0 0 0 0 0 0 0 0 
207.895
7.93044

2
21	25	
0.825806	0.748659	

1
8	

m15
428.966 447.337 482.582 517.685 72.0932 81.7258 51.7717 50.4791 109.781 195.228 242.974 220.641 
0
0 0 0 0 0 0 0 0 0 0 0 0 
198.838
7.51578

2
22	24	
0.781452	0.818308	

1
10	

m16
0 0 0 0 0 0 0 0 0 0 0 0 
36240
0 0 0 0 36240 0 0 0 0 0 0 0 
2014.03
14.7634

0



1
12	

m17
0 0 0 0 0 0 0 0 0 0 0 0 
7480.39
0 0 0 0 1079.74 1281.75 0 0 0 5118.91 0 0 
403.353
18.7378

0



1
13	

m18
522.634 600.17 640.773 584.259 57.7408 118.364 128.528 104.892 225.702 165.457 330.319 186.028 
0
0 0 0 0 0 0 0 0 0 0 0 0 
238.672
6.24609

2
23	25	
0.936079	0.963683	

1
8	

m19
396.8 417.963 488.326 451.166 83.0116 147.46 54.3468 59.5199 126.916 170.293 271.491 223.491 
0
0 0 0 0 0 0 0 0 0 0 0 0 
152.275
7.1159

2
23	24	
0.88473	0.906425	

1
10	

m20
0 0 0 0 0 0 0 0 0 0 0 0 
26215.1
0 0 0 0 0 26215.1 0 0 0 0 0 0 
2592.3
18.3603

0



1
12	

m21
0 0 0 0 0 0 0 0 0 0 0 0 
6471.21
0 0 0 0 0 0 0 0 0 6471.21 0 0 
1299.76
14.0476

0



1
14	

m22
0 0 0 0 0 0 0 0 0 0 0 0 
13708.7
0 0 0 0 0 0 0 0 7118.6 0 0 6590.1 
1642.9
15.7256

0



1
15	

m23
0 0 0 0 0 0 0 0 0 0 0 0 
38719.5
0 0 0 0 0 0 0 0 23783 0 14936.5 0 
6419.12
14.1855

0



2
18	19	

m24
0 0 0 0 0 0 0 0 0 0 0 0 
31022.9
0 0 0 0 0 0 0 9009.93 0 14482.4 0 7530.55 
4760.55
12.8555

0



2
15	19	

m25
0 0 0 0 0 0 0 0 0 0 0 0 
1444.38
0 0 0 0 0 0 1444.38 0 0 0 0 0 
337.462
16.1751

0



2
14	18	


3 4 4
