3
12
25
10 4 6 5

2852.71 2828.65 2683.03 
2950.93 2689.13 2970.5 2390.67 2339.74 2794.47 2803.72 2413.25 2806.3 2381.63 2047.01 2609.87 
2130.07 2207.33 2651.33 2644.66 2758.57 2691.18 2756.49 2147.43 2049.03 2224.02 2046.43 2707.57 
2869.19 2161.42 2139.92 2727.61 2350.87 2315.79 2071.42 2218.6 2770.77 2814.83 2772.22 2134.84 

10
1	2	3	4	5	6	7	8	9	10	
4
11	12	13	14	
1287.92	1131.57	1371.78	1363.21	
428.753	370.65	246.5	283.806	
2
11	14	

2
12	13	
6
15	16	17	18	19	20	
1189.67	1020.85	437.086	966.602	856.357	821.541	
201.067	187.695	282.985	127.088	277.523	212.935	
1
15	

5
16	17	18	19	20	
5
21	22	23	24	25	
359.777	1067.15	675.921	404.526	796.14	
274.841	241.767	194.176	268.302	187.394	
5
21	22	23	24	25	


m1
637.376 568.199 565.143 582.222 171.283 169.639 125.825 55.841 279.564 200.832 122.451 243.197 
0
0 0 0 0 0 0 0 0 0 0 0 0 
158.553
1.0809

3
11	12	14	
0.856883	0.8533	0.85623	

0


m2
308.272 415.886 402.216 411.482 92.5948 30.2422 41.4617 31.5514 185.255 184.489 131.758 159.548 
0
0 0 0 0 0 0 0 0 0 0 0 0 
120.163
1.03985

3
11	12	14	
0.787597	0.852578	0.91533	

0


m3
272.324 352.647 360.313 317.693 65.0726 45.7322 93.7912 68.0381 88.2302 106.312 117.522 206.995 
0
0 0 0 0 0 0 0 0 0 0 0 0 
133.863
0.993992

3
12	13	14	
0.935553	0.802366	0.760929	

0


m4
434.294 459.915 415.267 370.838 144.925 54.1581 70.6784 43.7098 236.536 211.9 194.851 262.688 
0
0 0 0 0 0 0 0 0 0 0 0 0 
228.371
0.903598

3
11	12	14	
0.728414	0.896482	0.788444	

0


m5
538.854 474.549 526.704 532.831 73.3133 155.862 75.9135 46.44 312.408 177.2 202.382 202.996 
0
0 0 0 0 0 0 0 0 0 0 0 0 
171.446
0.894065

3
11	12	13	
0.769163	0.819087	0.73188	

0


m6
333.095 339.26 392.486 408.387 120.99 94.5288 46.0814 59.8402 133.665 227.39 189.781 124.909 
0
0 0 0 0 0 0 0 0 0 0 0 0 
167.456
1.13261

2
11	12	
0.827496	0.884814	

0


m7
505.777 474.571 479.196 568.246 139.705 52.6518 155.345 103.898 256.08 245.582 293.319 147.354 
0
0 0 0 0 0 0 0 0 0 0 0 0 
153.417
0.866851

2
12	13	
0.736774	0.944342	

0


m8
484.701 423.072 398.107 428.487 39.7845 89.4249 79.4477 128.205 131.674 212.359 214.741 164.518 
0
0 0 0 0 0 0 0 0 0 0 0 0 
217.108
1.17988

3
11	12	13	
0.806002	0.903979	0.812207	

0


m9
411.632 495.241 462.321 423.203 102.669 72.3747 126.128 101.434 174.573 231.668 148.953 221.194 
0
0 0 0 0 0 0 0 0 0 0 0 0 
193.792
1.14029

3
11	12	14	
0.830895	0.720323	0.88266	

0


m10
541.729 472.517 467.691 469.277 42.3382 85.9395 142.183 68.2422 245.644 133.087 285.615 115.931 
0
0 0 0 0 0 0 0 0 0 0 0 0 
182.422
0.910622

2
12	13	
0.831342	0.874915	

0


m11
0 0 0 0 0 0 0 0 0 0 0 0 
15574.5
0 0 0 15574.5 0 0 0 0 0 0 0 0 
100.773
16.0068

0



7
1	2	4	5	6	8	9	

m12
1250.87 1124.45 1179.97 1479.93 151.713 123.826 163.844 110.089 448.75 708.249 644.35 523.317 
0
0 0 0 0 0 0 0 0 0 0 0 0 
392.211
3.28491

3
15	17	19	
0.884491	0.805399	0.872331	

10
1	2	3	4	5	6	7	8	9	10	

m13
2094.59 2348.35 2226.29 1804.31 611.757 340.029 408.844 291.868 1133.05 887.292 1004.24 786.005 
0
0 0 0 0 0 0 0 0 0 0 0 0 
715.951
3.03646

3
16	18	20	
0.832092	0.794522	0.846964	

5
3	5	7	8	10	

m14
0 0 0 0 0 0 0 0 0 0 0 0 
6613.5
0 0 6613.5 0 0 0 0 0 0 0 0 0 
497.343
19.038

0



5
1	2	3	4	9	

m15
0 0 0 0 0 0 0 0 0 0 0 0 
13626.8
0 0 0 0 5431.46 4521.02 0 0 0 3674.3 0 0 
2173.15
13.6357

0



1
12	

m16
644.977 677.732 579.634 562.665 138.027 177.964 98.6871 67.4673 225.241 208.122 279.148 337.325 
0
0 0 0 0 0 0 0 0 0 0 0 0 
208.052
5.78996

3
21	22	24	
0.80741	0.946979	0.918175	

1
13	

m17
345.966 388.677 404.673 476.461 121.196 120.655 52.2306 130.731 119.156 129.802 233.889 248.311 
0
0 0 0 0 0 0 0 0 0 0 0 0 
123.587
5.6409

3
21	22	23	
0.965417	0.798268	0.757121	

1
12	

m18
628.462 717.962 801.96 680.402 231.904 158.485 215.469 223.879 394.793 396.544 199.894 284.646 
0
0 0 0 0 0 0 0 0 0 0 0 0 
293.321
7.20152

3
22	23	24	
0.954868	0.780079	0.936663	

1
13	

m19
596.888 676.94 803.6 862.577 126.672 223.707 103.945 127.787 357.829 418.623 305.124 202.469 
0
0 0 0 0 0 0 0 0 0 0 0 0 
264.575
6.85224

2
24	25	
0.934047	0.737012	

1
12	

m20
2688.38 2387.58 2157.36 1916.29 346.835 295.497 391.915 345.455 905.749 666.214 622.327 1214.67 
0
0 0 0 0 0 0 0 0 0 0 0 0 
983.852
7.2684

3
22	24	25	
0.822344	0.749526	0.72251	

1
13	

m21
0 0 0 0 0 0 0 0 0 0 0 0 
33318.5
0 0 0 0 0 0 0 0 33318.5 0 0 0 
551.138
16.3745

0



2
16	17	

m22
0 0 0 0 0 0 0 0 0 0 0 0 
11677.2
0 0 0 0 0 0 4349.29 0 7327.91 0 0 0 
1273.34
15.0092

0



4
16	17	18	20	

m23
0 0 0 0 0 0 0 0 0 0 0 0 
28125.7
0 0 0 0 0 0 0 10981.8 0 0 1995.45 15148.5 
1997.13
15.7031

0



2
17	18	

m24
0 0 0 0 0 0 0 0 0 0 0 0 
13161.8
0 0 0 0 0 0 0 0 0 1744.9 7880.18 3536.68 
1692.14
14.0878

0



4
16	18	19	20	

m25
0 0 0 0 0 0 0 0 0 0 0 0 
18235.2
0 0 0 0 0 0 0 0 18235.2 0 0 0 
170.706
18.4235

0



2
19	20	


2 3 3
