3
15
30
8 8 9 5

2566.23 2677.62 2734.55 
2205.68 2794 2096.11 2528.36 2358.45 2805.79 2089.73 2910.6 2650.98 2851.89 2056.97 2074.84 2869.24 2677.19 2074.99 
2320.24 2733.72 2112.26 2028.2 2693.02 2037.77 2835.03 2121.2 2828.39 2748.9 2250.68 2597.95 2669.65 2011.11 2940.27 
2931.35 2497.11 2843.48 2630.2 2145.78 2673.37 2578.06 2372.14 2338.77 2336.63 2063.17 2873.49 2029.59 2799.36 2182.03 

8
1	2	3	4	5	6	7	8	
8
9	10	11	12	13	14	15	16	
410.876	413.722	391.727	260.341	504.016	532.706	225.605	327.341	
141.818	96.2363	107.623	147.205	95.829	93.0801	98.7265	136.051	
1
15	

7
9	10	11	12	13	14	16	
9
17	18	19	20	21	22	23	24	25	
512.144	366.13	441.954	544.878	607.238	304.979	211.717	595.174	443.295	
163.473	138.48	182.39	160.324	146.812	160.628	115.345	124.746	139.135	
2
19	20	

7
17	18	21	22	23	24	25	
5
26	27	28	29	30	
736.504	582.451	802.04	617.842	665.361	
95.1259	168.59	160.223	204.69	102.64	
5
26	27	28	29	30	


m1
311.033 273.416 373.3 294.751 348.58 36.2285 86.1777 59.4194 77.785 42.304 84.8887 144.141 166.952 161.387 105.571 
0
0 0 0 0 0 0 0 0 0 0 0 0 0 0 0 
154.452
1.15504

3
9	14	16	
0.906761	0.843259	0.929739	

0


m2
407.056 474.264 406.313 510.737 410.117 39.6885 39.9132 66.9731 63.4365 44.5608 257.385 249.967 171.385 211.665 281.008 
0
0 0 0 0 0 0 0 0 0 0 0 0 0 0 0 
214.004
0.839803

3
10	13	16	
0.82455	0.833548	0.931071	

0


m3
315.14 356.868 384.704 294.02 310.032 98.6135 27.0369 86.9603 83.7646 94.3227 146.773 126.934 93.4283 130.993 107.854 
0
0 0 0 0 0 0 0 0 0 0 0 0 0 0 0 
108.311
0.945734

2
9	11	
0.888734	0.91755	

0


m4
366.787 349.829 404.842 388.082 291.605 40.5958 55.5828 93.3208 68.4915 95.1245 221.792 195.716 135.657 96.7329 124.406 
0
0 0 0 0 0 0 0 0 0 0 0 0 0 0 0 
187.9
1.01744

3
10	11	12	
0.825085	0.742839	0.806832	

0


m5
391.775 415.565 551.236 483.323 428.109 125.799 91.9114 106.841 119.833 120.849 126.16 164.284 181.09 188.062 245.161 
0
0 0 0 0 0 0 0 0 0 0 0 0 0 0 0 
224.143
1.05912

2
11	13	
0.966009	0.898303	

0


m6
283.494 403.108 403.664 369.859 383.229 61.761 106.028 82.108 72.2406 107.102 202.919 161.394 182.923 110.053 142.792 
0
0 0 0 0 0 0 0 0 0 0 0 0 0 0 0 
114.547
0.824153

3
12	13	14	
0.837947	0.808072	0.849845	

0


m7
293.863 357.677 360.471 369.85 284.398 103.527 108.745 42.3134 70.0891 59.8827 189.363 107.359 212.537 180.957 94.0554 
0
0 0 0 0 0 0 0 0 0 0 0 0 0 0 0 
132.455
1.09774

2
10	15	
0.83358	0.945585	

0


m8
444.987 490.591 454.461 432.309 442.539 43.4509 92.683 76.5196 81.8036 46.6459 193.591 102.407 228.95 211.732 131.873 
0
0 0 0 0 0 0 0 0 0 0 0 0 0 0 0 
145.51
1.06275

3
12	13	16	
0.791547	0.804995	0.800187	

0


m9
624.685 562.83 478.474 535.681 546.38 102.378 135.597 131.461 149.819 54.4405 121.033 158.627 318.855 152.653 228.722 
0
0 0 0 0 0 0 0 0 0 0 0 0 0 0 0 
253.381
2.99518

2
17	24	
0.773018	0.854996	

2
1	3	

m10
451.437 532.712 412.831 512.237 503.61 138.926 161.043 150.181 70.3727 140.697 248.724 170.984 162.7 120.987 250.966 
0
0 0 0 0 0 0 0 0 0 0 0 0 0 0 0 
207.117
3.26214

2
18	25	
0.908635	0.978644	

3
2	4	7	

m11
387.088 496.899 470.577 430.998 514.154 86.8956 123.221 58.7846 50.4577 48.4109 218.237 130.693 119.689 153.641 209.81 
0
0 0 0 0 0 0 0 0 0 0 0 0 0 0 0 
137.573
2.53607

3
19	20	22	
0.951004	0.828388	0.966437	

3
3	4	5	

m12
681.726 787.445 573.049 777.614 659.544 142.89 168.105 114.384 118.881 178.557 178.622 262.759 221.933 392.079 257.29 
0
0 0 0 0 0 0 0 0 0 0 0 0 0 0 0 
215.168
3.20314

3
17	20	24	
0.883337	0.936643	0.917077	

3
4	6	8	

m13
691.428 538.959 596.694 692.069 636.276 90.1398 198.263 93.7821 173.404 180.798 256.668 177.909 326.235 334.131 279.357 
0
0 0 0 0 0 0 0 0 0 0 0 0 0 0 0 
229.527
2.44778

2
21	24	
0.773947	0.940906	

4
2	5	6	8	

m14
1135.16 1274.48 1020.41 1051.99 1335.11 129.023 275.629 188.705 154.102 310.546 612.321 664.006 295.225 438.548 333.068 
0
0 0 0 0 0 0 0 0 0 0 0 0 0 0 0 
570.061
2.5176

3
17	21	22	
0.74722	0.944289	0.808892	

2
1	6	

m15
0 0 0 0 0 0 0 0 0 0 0 0 0 0 0 
33150.8
6975.71 6520.09 0 0 0 0 19655 0 0 0 0 0 0 0 0 
3285.42
15.6517

0



1
7	

m16
489.485 388.711 504.535 508.153 429.233 147.82 129.538 134.519 135.173 141.088 244.779 198.321 249.024 145.405 262.929 
0
0 0 0 0 0 0 0 0 0 0 0 0 0 0 0 
214.685
2.99957

2
23	24	
0.94365	0.843425	

3
1	2	8	

m17
539.461 565.374 673.128 537.12 507.347 69.6168 100.288 152.511 172.649 137.827 313.684 275.529 142.19 229.536 256.334 
0
0 0 0 0 0 0 0 0 0 0 0 0 0 0 0 
307.536
6.29399

3
26	28	29	
0.826554	0.857316	0.786709	

3
9	12	14	

m18
740.046 527.813 539.845 671.396 647.826 87.9703 128.517 122.732 95.2141 52.7744 272.536 144.858 281.929 359.539 338.373 
0
0 0 0 0 0 0 0 0 0 0 0 0 0 0 0 
259.749
5.75302

3
27	29	30	
0.875371	0.860923	0.899428	

1
10	

m19
0 0 0 0 0 0 0 0 0 0 0 0 0 0 0 
7881.9
0 0 0 0 0 0 3331.13 2933.01 1617.77 0 0 0 0 0 0 
1475.39
17.0816

0



1
11	

m20
0 0 0 0 0 0 0 0 0 0 0 0 0 0 0 
9986.55
0 0 0 2470.64 3957.44 0 0 3558.46 0 0 0 0 0 0 0 
66.9353
14.3754

0



2
11	12	

m21
654.198 514.649 461.074 530.539 615.742 143.021 103.783 118.508 57.1012 81.0421 171.046 200.841 144.492 309.907 283.559 
0
0 0 0 0 0 0 0 0 0 0 0 0 0 0 0 
242.711
6.30705

3
28	29	30	
0.818601	0.897399	0.833428	

2
13	14	

m22
651.023 630.506 676.269 634.28 870.541 181.453 134.548 160.25 210.926 218.74 256.358 373.856 243.747 477.583 179.504 
0
0 0 0 0 0 0 0 0 0 0 0 0 0 0 0 
343.718
7.60869

3
26	27	29	
0.96217	0.815788	0.759419	

2
11	14	

m23
1036.68 1202.64 843.223 944.767 1039.82 146.644 248.54 93.8981 326.664 315.232 356.801 387.819 398.533 605.607 587.559 
0
0 0 0 0 0 0 0 0 0 0 0 0 0 0 0 
481.171
6.29313

2
28	30	
0.88346	0.734664	

1
16	

m24
2992.01 2573.23 2925.34 2400.42 2825.52 216.244 781.083 519.229 398.372 489.53 1040.81 631.911 1344.65 925.483 1396.34 
0
0 0 0 0 0 0 0 0 0 0 0 0 0 0 0 
1007.01
7.67564

3
27	28	30	
0.840942	0.849768	0.956027	

4
9	12	13	16	

m25
419.932 463.081 527.877 570.765 574.949 108.684 67.1659 52.914 55.3818 135.226 236.173 133.186 196.023 161.719 147.349 
0
0 0 0 0 0 0 0 0 0 0 0 0 0 0 0 
238.028
6.3934

3
27	28	30	
0.729025	0.901277	0.905042	

1
10	

m26
0 0 0 0 0 0 0 0 0 0 0 0 0 0 0 
22462.3
0 0 0 0 0 0 0 5514.17 0 13771.9 0 3176.25 0 0 0 
3905.75
16.5168

0



2
17	22	

m27
0 0 0 0 0 0 0 0 0 0 0 0 0 0 0 
41009.3
0 0 0 0 0 0 0 0 41009.3 0 0 0 0 0 0 
3978.08
13.7269

0



4
18	22	24	25	

m28
0 0 0 0 0 0 0 0 0 0 0 0 0 0 0 
12706.4
0 0 0 0 0 0 0 0 12706.4 0 0 0 0 0 0 
2943.21
16.3622

0



5
17	21	23	24	25	

m29
0 0 0 0 0 0 0 0 0 0 0 0 0 0 0 
25088.1
0 0 0 0 0 0 0 0 0 0 0 0 25088.1 0 0 
3536.07
16.3426

0



4
17	18	21	22	

m30
0 0 0 0 0 0 0 0 0 0 0 0 0 0 0 
4717.04
0 0 0 0 0 0 0 2100.72 0 1544.52 0 0 0 1071.8 0 
760.855
15.8779

0



5
18	21	23	24	25	


6 5 4
