3
15
30
8 7 10 5

2834.62 2807.11 2741.22 
2167.49 2476.08 2105.58 2654.06 2291.23 2974.04 2689.29 2522.9 2252.93 2527.78 2682.51 2937.82 2171.22 2374.88 2526.61 
2636.17 2926.82 2253.12 2724.87 2296.68 2647.24 2372.01 2250.39 2479.5 2106.44 2042.62 2841.67 2675.67 2641.32 2001.51 
2625.87 2034.49 2213.89 2293.47 2556.28 2482.62 2172.72 2574.28 2322.55 2672.14 2030.07 2676.72 2932.43 2229.78 2446.02 

8
1	2	3	4	5	6	7	8	
7
9	10	11	12	13	14	15	
540.326	367.72	537.326	546.029	348.196	620.689	346.136	
100.818	143.265	107.022	125.717	95.7647	151.828	118.078	
2
10	11	

5
9	12	13	14	15	
10
16	17	18	19	20	21	22	23	24	25	
686.123	715.555	677.361	452.244	285.288	283.992	460.05	504.123	594.192	419.994	
147.298	100.598	195.984	146.386	178.921	101.525	183.447	122.15	151.29	155.305	
2
23	25	

8
16	17	18	19	20	21	22	24	
5
26	27	28	29	30	
483.494	867.414	717.886	455.207	658.989	
118.491	178.882	105.044	175.603	212.736	
5
26	27	28	29	30	


m1
520.997 499.43 546.957 489.217 565.81 125.83 106.335 43.42 90.0172 76.4495 301.613 210.873 126.393 201.49 204.395 
0
0 0 0 0 0 0 0 0 0 0 0 0 0 0 0 
201.667
0.852168

3
9	11	14	
0.902012	0.800991	0.789918	

0


m2
453.459 356.441 404.765 382.849 346.098 119.165 106.431 88.9248 86.2302 79.3 146.531 119.96 245.115 155.049 169.683 
0
0 0 0 0 0 0 0 0 0 0 0 0 0 0 0 
227.751
1.06448

4
9	10	12	14	
0.967849	0.918625	0.783741	0.967729	

0


m3
520.243 411.998 402.748 437.539 409.271 136.323 144.926 105.947 136.499 137.726 163.31 159.748 270.26 198.115 172.371 
0
0 0 0 0 0 0 0 0 0 0 0 0 0 0 0 
156.714
1.18113

3
10	11	14	
0.973573	0.97207	0.941216	

0


m4
335.842 344.575 339.129 389.313 343.379 55.5681 120.179 56.7822 40.3389 35.5145 242.442 126.934 210.166 163.072 104.692 
0
0 0 0 0 0 0 0 0 0 0 0 0 0 0 0 
212.633
0.935159

3
12	13	14	
0.730683	0.754791	0.866988	

0


m5
563.317 461.893 476.037 422.223 475.411 120.529 60.8005 111.254 119.801 95.1741 277.965 169.043 194.793 295.443 255.225 
0
0 0 0 0 0 0 0 0 0 0 0 0 0 0 0 
164.87
1.0768

3
9	12	13	
0.974485	0.72088	0.790628	

0


m6
613.313 599.745 483.996 604.516 489.963 128.575 102.373 109.092 139.146 90.8267 137.886 136.378 187.546 136.456 171.414 
0
0 0 0 0 0 0 0 0 0 0 0 0 0 0 0 
268.166
0.842125

3
10	11	14	
0.80091	0.950893	0.833635	

0


m7
602.653 699.051 479.153 667.478 639.352 89.4423 100.926 140.781 154.59 78.203 291.458 364.091 160.373 160.203 190.557 
0
0 0 0 0 0 0 0 0 0 0 0 0 0 0 0 
217.227
1.19003

3
10	13	15	
0.725369	0.861889	0.811655	

0


m8
518.859 580.141 429.793 509.567 527.662 140.831 90.9209 113.327 81.3806 82.5304 255.095 269.677 170.896 112.323 193.279 
0
0 0 0 0 0 0 0 0 0 0 0 0 0 0 0 
203.868
0.821981

4
9	10	12	15	
0.975695	0.892829	0.801998	0.822701	

0


m9
693.043 553.996 569.606 703.397 590.732 122.314 64.0744 70.1469 154.871 65.05 281.835 374.832 217.897 250.327 256.183 
0
0 0 0 0 0 0 0 0 0 0 0 0 0 0 0 
319.98
2.50061

3
16	20	21	
0.80251	0.742577	0.844528	

4
1	2	5	8	

m10
0 0 0 0 0 0 0 0 0 0 0 0 0 0 0 
19221.8
0 7316.45 4164.51 0 0 0 7740.85 0 0 0 0 0 0 0 0 
1770.81
12.9827

0



5
2	3	6	7	8	

m11
0 0 0 0 0 0 0 0 0 0 0 0 0 0 0 
42454.6
0 42454.6 0 0 0 0 0 0 0 0 0 0 0 0 0 
8020.8
16.3547

0



3
1	3	6	

m12
186.918 154.689 143.182 166.556 180.88 48.1616 16.0748 50.4793 19.5771 33.5101 54.44 44.6491 66.2942 75.4599 90.4615 
0
0 0 0 0 0 0 0 0 0 0 0 0 0 0 0 
78.8104
2.81477

4
17	19	22	23	
0.852907	0.94393	0.850175	0.789795	

4
2	4	5	8	

m13
1117.19 1082.87 1563.9 1382.57 1270.9 422.864 379.28 163.939 252.243 299.383 330.011 687.003 384.743 636.099 446.782 
0
0 0 0 0 0 0 0 0 0 0 0 0 0 0 0 
506.731
3.18836

3
18	22	23	
0.920185	0.771062	0.816363	

3
4	5	7	

m14
735.123 783.861 625.737 545.786 787.089 65.3203 91.2943 100.666 85.0945 53.3098 358.198 172.038 311.925 405.902 327.896 
0
0 0 0 0 0 0 0 0 0 0 0 0 0 0 0 
346.735
3.22812

3
19	23	24	
0.723302	0.915086	0.782305	

5
1	2	3	4	6	

m15
752.78 680.404 816.613 720.905 913.421 127.484 247.986 89.25 191.705 207.646 226.81 197.488 408.992 347.448 443.009 
0
0 0 0 0 0 0 0 0 0 0 0 0 0 0 0 
370.258
3.10624

3
18	20	25	
0.850213	0.8166	0.90335	

2
7	8	

m16
255.868 284.931 209.444 281.913 266.832 42.5411 60.963 20.6323 29.3937 20.8182 75.6696 64.6007 62.4782 143.505 116.993 
0
0 0 0 0 0 0 0 0 0 0 0 0 0 0 0 
74.2552
7.93825

4
26	27	28	30	
0.92492	0.97474	0.847775	0.850606	

1
9	

m17
348.789 381.699 351.362 364.207 374.506 30.1288 98.2044 59.9414 32.5151 70.3781 106.671 158.421 179.882 141.036 180.077 
0
0 0 0 0 0 0 0 0 0 0 0 0 0 0 0 
175.832
7.0122

4
26	27	28	30	
0.812907	0.892678	0.927531	0.934026	

1
12	

m18
318.693 349.48 332.588 367.231 378.328 49.9677 77.3509 57.8654 61.5597 26.7135 198.822 188.779 78.2465 90.8795 178.115 
0
0 0 0 0 0 0 0 0 0 0 0 0 0 0 0 
128.638
7.05431

4
27	28	29	30	
0.781044	0.918398	0.978176	0.960987	

2
13	15	

m19
266.241 305.578 304.283 283.543 261.684 56.8714 74.7673 75.4482 67.5196 78.2272 141.187 58.8538 93.3378 59.1032 143.631 
0
0 0 0 0 0 0 0 0 0 0 0 0 0 0 0 
92.1394
7.531

3
26	28	29	
0.836369	0.895379	0.975347	

2
12	14	

m20
1259.36 1452.74 1542.97 1779.11 1589.56 218.718 159.449 344.891 314.996 342.229 472.218 379.815 725.473 847.082 366.109 
0
0 0 0 0 0 0 0 0 0 0 0 0 0 0 0 
476.27
7.53793

3
28	29	30	
0.968441	0.922929	0.91158	

2
9	15	

m21
283.173 266.409 283.194 335.049 240.969 86.6457 23.068 60.5399 48.588 33.4065 91.735 155.77 174.015 84.0621 174.236 
0
0 0 0 0 0 0 0 0 0 0 0 0 0 0 0 
126.625
7.45185

4
26	27	28	30	
0.858283	0.880763	0.789839	0.758242	

1
9	

m22
280.951 240.822 288.014 280.827 295.982 78.4748 77.709 41.8941 82.9894 62.6177 141.529 128.583 144.61 79.2573 142.626 
0
0 0 0 0 0 0 0 0 0 0 0 0 0 0 0 
105.586
8.25197

4
27	28	29	30	
0.806473	0.738285	0.752273	0.85842	

2
12	13	

m23
0 0 0 0 0 0 0 0 0 0 0 0 0 0 0 
6355.83
0 0 0 0 0 6355.83 0 0 0 0 0 0 0 0 0 
1087.86
15.9782

0



3
12	13	14	

m24
1463.9 1301.91 1732.65 1909.26 1882.31 288.549 434.672 363.013 138.948 412.932 713.608 595.098 366.747 613.883 628.106 
0
0 0 0 0 0 0 0 0 0 0 0 0 0 0 0 
677.707
7.78021

4
26	27	29	30	
0.8862	0.794562	0.979082	0.894316	

1
14	

m25
0 0 0 0 0 0 0 0 0 0 0 0 0 0 0 
6467.11
0 0 0 0 0 0 6467.11 0 0 0 0 0 0 0 0 
322.436
18.8118

0



1
15	

m26
0 0 0 0 0 0 0 0 0 0 0 0 0 0 0 
3263.01
0 0 0 0 0 0 0 0 1411.52 0 785.68 0 0 0 1065.8 
531.882
13.3833

0



5
16	17	19	21	24	

m27
0 0 0 0 0 0 0 0 0 0 0 0 0 0 0 
32067.4
0 0 0 0 0 0 0 12656 0 0 0 4748.92 14662.5 0 0 
2085.47
13.2763

0



6
16	17	18	21	22	24	

m28
0 0 0 0 0 0 0 0 0 0 0 0 0 0 0 
25180.5
0 0 0 0 0 0 0 0 0 0 0 5448.58 6599.55 0 13132.4 
238.471
14.8652

0



7
16	17	18	19	20	21	22	

m29
0 0 0 0 0 0 0 0 0 0 0 0 0 0 0 
7209.56
0 0 0 0 0 0 0 3191.77 0 0 1911.91 0 0 2105.88 0 
854.672
13.9152

0



5
18	19	20	22	24	

m30
0 0 0 0 0 0 0 0 0 0 0 0 0 0 0 
32756.7
0 0 0 0 0 0 0 0 0 0 7470.38 21993.5 0 3292.81 0 
1414
15.8775

0



7
16	17	18	20	21	22	24	


5 4 4
