3
15
30
10 9 6 5

2808.77 2949.35 2815.6 
2418.78 2233.68 2545.47 2372.67 2189.08 2040.49 2822.2 2068.51 2412.56 2034.06 2725.04 2605.1 2085.49 2347.29 2387.67 
2946.15 2273.14 2805.52 2548.55 2201.93 2851.46 2456.64 2218.57 2587.2 2906.04 2706.05 2391.51 2204.67 2760.91 2050.23 
2156.2 2152.12 2398.68 2106.67 2546.76 2567.96 2738.5 2906.15 2010.55 2614.71 2453.06 2521.16 2633.85 2813.09 2521.67 

10
1	2	3	4	5	6	7	8	9	10	
9
11	12	13	14	15	16	17	18	19	
485.355	697.981	650.416	393.571	358.141	506.26	457.945	275.011	315.926	
89.5765	121.243	102.248	155.427	126.235	84.4539	139.933	130.114	105.117	
2
11	16	

7
12	13	14	15	17	18	19	
6
20	21	22	23	24	25	
825.33	547.073	989.173	391.795	415.957	425.387	
114.73	106.95	185.703	108.244	146.789	135.423	
1
20	

5
21	22	23	24	25	
5
26	27	28	29	30	
936.107	1210.76	794.605	694.194	452.684	
153.99	205.334	220.41	224.82	221.002	
5
26	27	28	29	30	


m1
273.422 338.91 236.953 232.656 265.085 54.7624 38.9522 43.862 45.7592 29.1522 80.8803 67.2766 114.718 118.146 147.733 
0
0 0 0 0 0 0 0 0 0 0 0 0 0 0 0 
86.19
0.921042

1
11	
0.736299	

0


m2
271.996 360.301 376.479 295.356 303.648 41.2035 69.612 50.7444 103.975 56.0577 203.761 203.602 198.797 124.959 190.743 
0
0 0 0 0 0 0 0 0 0 0 0 0 0 0 0 
130.799
1.19875

1
12	
0.83027	

0


m3
436.889 391.161 402.251 369.609 437.342 83.7595 42.3952 65.9448 76.7895 88.5986 123.747 120.92 110.932 194.893 227.445 
0
0 0 0 0 0 0 0 0 0 0 0 0 0 0 0 
135.632
0.949202

1
13	
0.828134	

0


m4
300.605 421.212 313.226 385.052 324.262 79.2948 84.8148 59.0561 79.7037 56.519 107.12 167.916 114.405 118.567 169.026 
0
0 0 0 0 0 0 0 0 0 0 0 0 0 0 0 
160.224
0.99801

1
14	
0.732737	

0


m5
302.291 205.333 249.642 270.004 265.491 31.8153 57.6293 49.0998 67.3993 72.5904 73.0252 69.9045 102.669 125.467 88.6425 
0
0 0 0 0 0 0 0 0 0 0 0 0 0 0 0 
92.3513
1.12377

1
15	
0.954167	

0


m6
401.182 339.163 408.028 301.801 346.695 73.8598 36.7853 96.2686 93.8858 69.1828 158.026 113.14 128.003 85.8119 118.873 
0
0 0 0 0 0 0 0 0 0 0 0 0 0 0 0 
151.409
1.11516

1
16	
0.78261	

0


m7
352.184 367.835 337.693 333.562 328.546 34.0906 76.8478 27.9125 50.8505 74.6488 117.639 168.365 160.686 84.0613 77.2697 
0
0 0 0 0 0 0 0 0 0 0 0 0 0 0 0 
165.495
0.809758

1
17	
0.81745	

0


m8
380.854 349.594 307.488 318.844 283.051 24.8562 55.2825 53.0831 71.7174 70.8064 128.235 186.043 74.6391 127.153 91.6756 
0
0 0 0 0 0 0 0 0 0 0 0 0 0 0 0 
161.25
1.09491

1
18	
0.856943	

0


m9
298.075 298.767 230.337 227.684 254.778 54.221 22.2453 44.4849 24.861 67.628 106.877 153.869 168.877 116.54 82.9927 
0
0 0 0 0 0 0 0 0 0 0 0 0 0 0 0 
136.236
0.870051

1
19	
0.931297	

0


m10
369.385 389.833 351.199 448.656 432.3 54.3211 82.6492 111.283 81.1982 88.0313 217.11 158.391 169.707 94.2533 102.512 
0
0 0 0 0 0 0 0 0 0 0 0 0 0 0 0 
154.847
0.922269

1
12	
0.852693	

0


m11
0 0 0 0 0 0 0 0 0 0 0 0 0 0 0 
9501.41
0 0 2988.65 0 0 4831.17 0 1681.59 0 0 0 0 0 0 0 
1240.27
18.0746

0



1
1	

m12
1293.43 1331.89 1143.39 1265.07 1190.32 112.421 160.13 176.059 317.657 112.135 593.634 368.476 700.311 353.934 615.236 
0
0 0 0 0 0 0 0 0 0 0 0 0 0 0 0 
386.203
3.55978

1
20	
0.747906	

2
2	10	

m13
373.487 451.118 403.583 329.833 376.342 60.9778 115.928 52.9231 121.436 47.6514 154.85 209.743 135.025 189.784 162.733 
0
0 0 0 0 0 0 0 0 0 0 0 0 0 0 0 
118.496
3.37715

1
21	
0.792744	

1
3	

m14
323.391 409.02 409.363 294.382 379.957 71.3667 109.561 47.7822 99.3544 57.597 180.121 228.106 222.077 171.196 188.418 
0
0 0 0 0 0 0 0 0 0 0 0 0 0 0 0 
114.321
2.83536

1
22	
0.865086	

1
4	

m15
1597.44 1634.82 1808.35 1761.38 1912.63 170.698 385.992 229.443 179.761 355.198 616.05 498.614 491.4 473.427 534.585 
0
0 0 0 0 0 0 0 0 0 0 0 0 0 0 0 
825.745
2.47861

1
23	
0.799262	

1
5	

m16
0 0 0 0 0 0 0 0 0 0 0 0 0 0 0 
5979.49
0 2415.26 0 0 0 3564.22 0 0 0 0 0 0 0 0 0 
182.172
15.7462

0



1
6	

m17
402.078 400.437 410.152 367.422 350.902 79.3916 98.7977 64.8749 70.741 86.8941 151.083 104.006 102.083 249.206 218.515 
0
0 0 0 0 0 0 0 0 0 0 0 0 0 0 0 
144.123
2.85659

1
24	
0.844292	

1
7	

m18
361.719 305.942 428.425 324.186 325.952 45.5731 113.264 34.4878 62.0802 104.02 150.248 184.576 216.743 206.325 144.653 
0
0 0 0 0 0 0 0 0 0 0 0 0 0 0 0 
170.766
2.61793

1
25	
0.807477	

1
8	

m19
549.884 501.892 390.645 471.536 513.004 86.4518 89.9452 59.999 78.8327 58.653 116.532 273.392 124.851 144.792 119.763 
0
0 0 0 0 0 0 0 0 0 0 0 0 0 0 0 
245.669
3.56751

1
24	
0.834642	

1
9	

m20
0 0 0 0 0 0 0 0 0 0 0 0 0 0 0 
11147.9
0 0 0 0 0 0 0 0 0 5078.48 6069.45 0 0 0 0 
2321.53
13.0267

0



1
12	

m21
928.964 697.657 731.986 673.147 726.085 63.2803 187.745 146.004 142.869 163.939 292.792 265.88 402.324 220.594 219.981 
0
0 0 0 0 0 0 0 0 0 0 0 0 0 0 0 
398.127
7.49018

1
26	
0.843152	

1
13	

m22
746.657 688.655 689.503 733.789 598.757 175.502 198.865 182.8 57.2135 208.595 333.69 149.904 240.277 344.708 235.473 
0
0 0 0 0 0 0 0 0 0 0 0 0 0 0 0 
195.006
5.7105

1
27	
0.74818	

1
14	

m23
2119.02 1652.08 2217.71 1984.03 2185.65 559.651 422.462 433.926 282.257 154.02 465.65 968.662 947.956 1176.48 991.228 
0
0 0 0 0 0 0 0 0 0 0 0 0 0 0 0 
989.928
6.8379

1
28	
0.831126	

1
15	

m24
1020.96 1200.37 1194.08 1050.96 1371.12 128.07 181.29 230.57 210.755 307.73 548.311 338.613 414.478 742.678 476.197 
0
0 0 0 0 0 0 0 0 0 0 0 0 0 0 0 
535.657
5.83672

1
29	
0.81744	

2
17	19	

m25
543.566 552.632 389.798 544.722 475.622 70.085 121.87 84.1102 67.5275 82.0136 286.981 170.324 258.254 243.461 192.753 
0
0 0 0 0 0 0 0 0 0 0 0 0 0 0 0 
194.288
6.57756

1
30	
0.959876	

1
18	

m26
0 0 0 0 0 0 0 0 0 0 0 0 0 0 0 
61562.4
0 0 0 0 0 0 0 0 0 0 61562.4 0 0 0 0 
7104.6
13.8233

0



1
21	

m27
0 0 0 0 0 0 0 0 0 0 0 0 0 0 0 
11809.1
0 0 0 0 0 0 0 0 0 0 6529.84 5279.28 0 0 0 
394.973
13.3999

0



1
22	

m28
0 0 0 0 0 0 0 0 0 0 0 0 0 0 0 
8893.56
0 0 0 0 0 0 0 0 0 0 0 2217.87 0 6675.69 0 
1446.98
19.0812

0



1
23	

m29
0 0 0 0 0 0 0 0 0 0 0 0 0 0 0 
2501.36
0 0 0 0 0 0 0 898.549 0 770.128 0 0 0 0 832.686 
318.37
19.1215

0



1
24	

m30
0 0 0 0 0 0 0 0 0 0 0 0 0 0 0 
42655.6
0 0 0 0 0 0 0 0 6225.23 0 0 16842.8 19587.6 0 0 
6376.94
14.1264

0



1
25	


5 4 3
