3
15
30
7 7 10 6

2435.18 2968.45 2549.86 
2185.49 2210.21 2589.17 2735.68 2467.75 2232.87 2407.71 2165.77 2818.52 2558.27 2600.67 2040.29 2017.84 2905.15 2129.92 
2507.31 2483.95 2629.53 2814.14 2602.4 2475.62 2237.51 2428.36 2616.15 2759.19 2208.46 2939.33 2972.07 2512.12 2306.98 
2387.08 2151.24 2833.59 2431.16 2224.57 2780.58 2067.26 2425.11 2621.25 2130.89 2893.33 2826.56 2533.45 2470.76 2127.91 

7
1	2	3	4	5	6	7	
7
8	9	10	11	12	13	14	
846.758	871.961	841.534	645.834	758.502	1071.93	497.597	
203.259	214.122	205.275	221.179	232.251	193.35	213.022	
1
14	

6
8	9	10	11	12	13	
10
15	16	17	18	19	20	21	22	23	24	
470.998	389.539	281.13	456.731	624.245	430.517	292.639	455.213	366.912	608.945	
135.273	112.345	128.75	149.345	81.224	120.239	160.641	101.977	86.6054	128.348	
1
16	

9
15	17	18	19	20	21	22	23	24	
6
25	26	27	28	29	30	
1286.86	886.614	960.01	1014.52	937.825	1243.55	
132.615	157.282	200.838	184.629	214.521	235.73	
6
25	26	27	28	29	30	


m1
693.537 697.505 530.937 618.307 721.639 157.072 56.9118 61.2546 54.9959 155.621 210.603 317.394 185.097 189.591 316.29 
0
0 0 0 0 0 0 0 0 0 0 0 0 0 0 0 
253.898
1.19525

2
8	11	
0.817521	0.852177	

0


m2
600.358 607.997 500.44 560.287 492.911 104.64 77.9342 85.5654 45.907 140.655 260.953 141.024 312.298 270.233 150.776 
0
0 0 0 0 0 0 0 0 0 0 0 0 0 0 0 
265.136
0.965675

2
9	12	
0.880803	0.907089	

0


m3
647.201 623.084 725.413 621.061 655.878 204.473 136.526 68.9392 58.2468 116.495 366.846 370.625 225.666 181.875 302.58 
0
0 0 0 0 0 0 0 0 0 0 0 0 0 0 0 
286.944
0.855083

2
10	14	
0.786246	0.944467	

0


m4
516.669 605.78 604.396 488.769 617.817 73.4915 43.8754 163.387 165.282 43.2454 163.94 253.921 220.683 195.594 135.213 
0
0 0 0 0 0 0 0 0 0 0 0 0 0 0 0 
258.555
0.879136

1
11	
0.84914	

0


m5
539.494 500.809 524.394 474.818 485.255 136.437 73.6928 120.364 53.8174 52.5286 227.066 198.88 170.75 137.931 119.274 
0
0 0 0 0 0 0 0 0 0 0 0 0 0 0 0 
226.026
1.19639

2
10	12	
0.88567	0.908876	

0


m6
496.233 655.768 587.497 545.99 594.78 114.087 68.8145 131.495 72.5066 55.4172 200.648 141.345 328.786 159.416 209.761 
0
0 0 0 0 0 0 0 0 0 0 0 0 0 0 0 
301.898
0.834789

1
13	
0.809181	

0


m7
728.764 535.891 692.805 645.796 597.042 157.316 195.14 97.0775 92.0789 57.0339 335.384 307.829 150.747 170.226 197.614 
0
0 0 0 0 0 0 0 0 0 0 0 0 0 0 0 
225.355
1.12842

2
8	14	
0.842941	0.793093	

0


m8
562.27 485.566 414.496 407.837 416.926 77.8639 145.014 81.6371 75.1506 117.823 122.564 110.78 262.823 240.896 294.121 
0
0 0 0 0 0 0 0 0 0 0 0 0 0 0 0 
193.188
3.3763

2
15	21	
0.963349	0.850374	

2
1	7	

m9
1501.13 1452.19 1481.92 1753.93 1534.12 128.205 505.179 347.246 480.272 122.011 368.851 867.429 446.314 688.94 392.429 
0
0 0 0 0 0 0 0 0 0 0 0 0 0 0 0 
721.361
3.36784

2
16	22	
0.875975	0.856605	

1
2	

m10
908.942 1181.86 1118.68 975.937 941.514 153.512 134.755 270.658 195.993 96.3282 591.625 293.975 550.752 428.855 349.464 
0
0 0 0 0 0 0 0 0 0 0 0 0 0 0 0 
400.377
2.78733

2
17	23	
0.810338	0.791754	

2
3	5	

m11
479.597 690.262 482.339 536.478 643.855 89.5375 143.194 146.685 151.797 69.8252 168.534 259.683 176.43 301.18 219.823 
0
0 0 0 0 0 0 0 0 0 0 0 0 0 0 0 
252.391
2.78375

2
18	24	
0.783312	0.75841	

2
1	4	

m12
855.717 1054.91 1078.59 1022.26 1089.55 203.802 126.808 139.156 315.499 83.2731 408.154 525.427 582.013 329.578 494.8 
0
0 0 0 0 0 0 0 0 0 0 0 0 0 0 0 
474.218
3.44585

1
19	
0.81197	

2
2	5	

m13
960.769 1243.39 1226.19 1077.87 1151.59 186.06 315.52 152.048 136.138 191.999 654.983 550.655 600.465 317.362 502.205 
0
0 0 0 0 0 0 0 0 0 0 0 0 0 0 0 
420.294
3.08908

1
20	
0.93569	

1
6	

m14
0 0 0 0 0 0 0 0 0 0 0 0 0 0 0 
9318.06
0 0 0 0 9318.06 0 0 0 0 0 0 0 0 0 0 
1496.97
13.4124

0



2
3	7	

m15
594.307 493.684 441.512 558.759 552.267 162.87 86.0333 135.066 150.734 123.326 123.417 259.082 292.762 258.942 205.266 
0
0 0 0 0 0 0 0 0 0 0 0 0 0 0 0 
161.176
7.25507

1
25	
0.95965	

1
8	

m16
0 0 0 0 0 0 0 0 0 0 0 0 0 0 0 
9790.96
0 0 0 0 0 3773.72 0 3645.88 0 0 2371.36 0 0 0 0 
556.601
16.3198

0



1
9	

m17
465.417 502.528 549.182 538.264 502.707 143.987 94.9698 55.4229 72.365 83.9604 252.11 201.438 192.198 290.389 246.734 
0
0 0 0 0 0 0 0 0 0 0 0 0 0 0 0 
243.847
6.96384

1
26	
0.806889	

1
10	

m18
444.426 446.265 439.258 480.049 507.252 104.224 85.5851 129.868 64.9848 98.9211 250.67 193.481 109.183 162.708 231.307 
0
0 0 0 0 0 0 0 0 0 0 0 0 0 0 0 
170.616
7.19972

1
27	
0.932769	

1
11	

m19
408.987 529.17 417.682 392.527 426.528 128.03 95.9505 142.472 112.348 78.0939 167.77 195.818 283.352 218.676 236.085 
0
0 0 0 0 0 0 0 0 0 0 0 0 0 0 0 
221.312
6.81751

1
28	
0.910655	

1
12	

m20
407.683 351.919 351.94 461.234 401.671 84.0336 76.9188 71.9875 52.1834 111.146 197.507 201.709 107.503 109.226 215.922 
0
0 0 0 0 0 0 0 0 0 0 0 0 0 0 0 
223.573
7.59651

1
29	
0.794605	

1
13	

m21
413.726 461.283 407.894 489.341 549.733 82.2928 114.707 61.7549 41.7929 119.533 248.371 285.664 166.685 243.668 211.657 
0
0 0 0 0 0 0 0 0 0 0 0 0 0 0 0 
244.079
6.19001

2
27	30	
0.785407	0.89708	

1
8	

m22
1193.99 1451.39 1017.49 1137.51 1509.64 285.155 193.147 231.515 170.137 107.547 748.163 448.119 665.094 376.387 439.918 
0
0 0 0 0 0 0 0 0 0 0 0 0 0 0 0 
663.33
6.44035

2
26	29	
0.839638	0.785044	

1
9	

m23
322.997 445.712 434.11 407.692 448.059 63.9811 84.9942 76.4582 107.462 117.033 144.991 236.109 121.78 155.476 120.716 
0
0 0 0 0 0 0 0 0 0 0 0 0 0 0 0 
181.607
7.38802

2
26	27	
0.797386	0.732424	

1
10	

m24
383.019 335.494 387.426 444.148 389.769 127.785 66.4373 97.8713 69.5567 105.67 115.611 142.198 188.127 209.946 240.391 
0
0 0 0 0 0 0 0 0 0 0 0 0 0 0 0 
124.038
7.84758

2
27	28	
0.911654	0.923629	

1
11	

m25
0 0 0 0 0 0 0 0 0 0 0 0 0 0 0 
25006.8
0 0 0 0 0 0 0 0 0 0 0 9662.16 0 15344.7 0 
3864.21
18.5938

0



1
15	

m26
0 0 0 0 0 0 0 0 0 0 0 0 0 0 0 
20900.3
0 0 0 0 0 0 0 5197.48 0 0 0 0 15702.8 0 0 
3974.5
16.8254

0



3
17	22	23	

m27
0 0 0 0 0 0 0 0 0 0 0 0 0 0 0 
28523.5
0 0 0 0 0 0 0 0 0 12335.9 0 0 9979.42 0 6208.27 
3623.31
12.8133

0



4
18	21	23	24	

m28
0 0 0 0 0 0 0 0 0 0 0 0 0 0 0 
31946.3
0 0 0 0 0 0 0 0 9882.92 0 0 12659.6 9403.78 0 0 
6263.31
13.4394

0



2
19	24	

m29
0 0 0 0 0 0 0 0 0 0 0 0 0 0 0 
22347.5
0 0 0 0 0 0 0 0 4902.56 0 4751.77 0 12693.2 0 0 
4117.99
13.6312

0



2
20	22	

m30
0 0 0 0 0 0 0 0 0 0 0 0 0 0 0 
14945.6
0 0 0 0 0 0 0 0 9976.99 0 0 4968.6 0 0 0 
807.523
14.4161

0



1
21	


3 5 3
