3
5
10
3 2 2 3

2652.3 1767.3 2870.51 
2568.12 2046.44 2392.19 2968.96 2744.48 
2688.67 2135.19 2385.11 2984.18 2056.81 
2656.96 2992 2537.07 2254.33 2636.79 

3
1	2	3	
2
4	5	
3075.08	3391.33	
398.064	442.285	
1
4	

1
5	
2
6	7	
1527.17	1513.61	
354.456	279.132	
1
7	

1
6	
3
8	9	10	
415.708	549.504	480.051	
229.874	158.277	277.546	
3
8	9	10	


m1
1655.36 1342.47 131.203 542.026 631.868 
0
0 0 0 0 0 
715.791
0.977346

2
4	5	
0.823392	0.726121	

0


m2
1331.86 1250.66 105.078 291.273 637.914 
0
0 0 0 0 0 
505.261
0.954235

2
4	5	
0.838936	0.941974	

0


m3
1299.29 1278.89 327.661 662.773 318.042 
0
0 0 0 0 0 
394.349
1.022

2
4	5	
0.887248	0.780863	

0


m4
0 0 0 0 0 
9181.31
0 9181.31 0 0 0 
1806.04
15.0704

0



3
1	2	3	

m5
1428.69 1410.96 236.331 369.414 344.034 
0
0 0 0 0 0 
431.629
3.49238

2
6	7	
0.947708	0.811245	

3
1	2	3	

m6
2787.96 2626.7 558.665 563.562 911.088 
0
0 0 0 0 0 
1169.64
7.27303

3
8	9	10	
0.847522	0.919062	0.885343	

1
5	

m7
0 0 0 0 0 
12695
0 7056.64 0 5638.4 0 
1772.59
15.4757

0



1
5	

m8
0 0 0 0 0 
3689.98
0 0 0 3689.98 0 
253.739
15.2423

0



1
6	

m9
0 0 0 0 0 
25098.1
0 0 17022.6 8075.48 0 
5066.65
13.4575

0



1
6	

m10
0 0 0 0 0 
12270.5
0 0 12270.5 0 0 
2318.75
12.9265

0



1
6	


1 2 3
