3
5
10
2 4 2 2

2701.95 2361.54 3002.24 
2622.5 2518.88 2083.53 2217.04 2480.51 
2782.56 2779.6 2545.88 2086.13 2156.78 
2737.72 2994.32 2837.67 2679.14 2483.73 

2
1	2	
4
3	4	5	6	
1620.5	1061.68	1078.16	804.756	
219.155	262.312	361.457	326.586	
1
6	

3
3	4	5	
2
7	8	
747.896	1121.61	
423.364	276.059	
1
7	

1
8	
2
9	10	
3763.18	1939.81	
863.405	486.931	
2
9	10	


m1
1998.73 1500.54 425.564 537.925 594.889 
0
0 0 0 0 0 
818.156
1.18076

3
3	5	6	
0.956873	0.907321	0.830263	

0


m2
1602.8 1403.03 364.789 599.344 736.146 
0
0 0 0 0 0 
626.522
1.08868

2
4	6	
0.807436	0.743886	

0


m3
444.354 455.861 86.4687 208.343 142.544 
0
0 0 0 0 0 
131.574
3.06432

2
7	8	
0.786853	0.728971	

1
1	

m4
1036.29 1087.54 116.696 470.497 347.443 
0
0 0 0 0 0 
302.938
3.04631

2
7	8	
0.941509	0.817373	

1
2	

m5
428.226 475.778 72.7519 139.369 206.751 
0
0 0 0 0 0 
142.452
2.42446

2
7	8	
0.887909	0.82645	

1
1	

m6
0 0 0 0 0 
6400.18
1592.52 0 4807.65 0 0 
1222.76
19.1989

0



2
1	2	

m7
0 0 0 0 0 
17393.4
0 0 17393.4 0 0 
3440.58
15.5693

0



3
3	4	5	

m8
2715.46 2843.73 905.053 1642.36 1123.33 
0
0 0 0 0 0 
1288.22
6.36475

2
9	10	
0.724272	0.83772	

3
3	4	5	

m9
0 0 0 0 0 
9202.12
0 0 1495.82 7706.3 0 
2109.2
17.4625

0



1
8	

m10
0 0 0 0 0 
18678
0 0 0 0 18678 
1473.17
17.2423

0



1
8	


2 2 1
