3
5
10
4 2 2 2

2514.54 1428.35 2730.12 
2350.61 2001.54 2986.1 2555.88 2474.84 
2547.69 2325.19 2706.79 2205.92 2645.7 
2297.65 2965.08 2696.82 2267.55 2448.8 

4
1	2	3	4	
2
5	6	
2880.55	1709.91	
578.926	525.497	
1
6	

1
5	
2
7	8	
3807.86	3108.87	
438.009	732.651	
1
8	

1
7	
2
9	10	
2222.28	1709.09	
523.99	468.028	
2
9	10	


m1
1009.17 976.843 117.176 500.675 329.55 
0
0 0 0 0 0 
340.042
0.80497

1
5	
0.829478	

0


m2
1169.23 1037.43 304.467 445.75 402.309 
0
0 0 0 0 0 
519.49
1.0598

2
5	6	
0.727594	0.861633	

0


m3
802.353 994.438 180.539 447.404 285.569 
0
0 0 0 0 0 
321.033
1.05756

1
6	
0.784483	

0


m4
1090.29 953.516 131.569 442.492 582.269 
0
0 0 0 0 0 
347.533
0.809904

1
6	
0.849647	

0


m5
1163.47 1188.61 241.746 354.681 471.181 
0
0 0 0 0 0 
340.065
3.13444

2
7	8	
0.879418	0.78143	

2
1	2	

m6
0 0 0 0 0 
3591.27
0 2040.47 1550.79 0 0 
269.115
17.8183

0



3
2	3	4	

m7
2201.7 2613.64 677.19 1351.34 940.862 
0
0 0 0 0 0 
672.114
6.13788

2
9	10	
0.798394	0.832473	

1
5	

m8
0 0 0 0 0 
14470.9
0 0 14470.9 0 0 
2714.26
15.6586

0



1
5	

m9
0 0 0 0 0 
16386.6
0 0 0 16386.6 0 
1518.99
15.9357

0



1
7	

m10
0 0 0 0 0 
2028.27
0 0 0 0 2028.27 
38.627
14.3161

0



1
7	


1 1 1
