3
5
10
3 3 2 2

2868.89 2722.93 2942.6 
2645.57 2784.13 2280.61 2184.06 2860.78 
2311.1 2738.15 2797.4 2439.51 2904.87 
2573.94 2287.23 2878.28 2763.21 2389.94 

3
1	2	3	
3
4	5	6	
893.475	1482.41	1363.97	
413.095	352.92	281.728	
1
4	

2
5	6	
2
7	8	
1522.06	1521.33	
292.758	352.202	
0


2
7	8	
2
9	10	
1712.45	762.218	
250.205	383.164	
2
9	10	


m1
1123.16 1411.36 244.767 387.568 346.975 
0
0 0 0 0 0 
558.473
0.972072

1
4	
0.84153	

0


m2
1295.85 1283.09 350.513 434.673 536.033 
0
0 0 0 0 0 
636.288
0.913228

1
5	
0.83816	

0


m3
1125.2 1393.52 223.079 732.331 553.773 
0
0 0 0 0 0 
432.212
1.1634

1
6	
0.853902	

0


m4
0 0 0 0 0 
15854
15854 0 0 0 0 
1293.23
13.3013

0



1
1	

m5
1245.52 1362.81 102.849 603.263 705.568 
0
0 0 0 0 0 
530.374
3.37766

1
7	
0.732426	

1
2	

m6
1808 1604.65 453.054 854.478 868.232 
0
0 0 0 0 0 
811.024
2.77734

1
8	
0.820271	

1
3	

m7
700.451 561.112 209.667 323.192 310.469 
0
0 0 0 0 0 
319.587
6.31129

1
9	
0.893799	

1
5	

m8
1764.83 1250.02 477.169 940.455 500.224 
0
0 0 0 0 0 
621.784
6.2849

1
10	
0.844937	

1
6	

m9
0 0 0 0 0 
8795.22
0 0 3262.66 0 5532.56 
1254.63
17.9253

0



1
7	

m10
0 0 0 0 0 
14145.4
0 0 8008.56 0 6136.82 
548.923
17.1256

0



1
8	


2 2 2
