3
7
15
2 5 4 4

2571.02 3025.38 2653.55 
2046.69 2911.75 2197.66 2491.82 2277.65 2487.08 2268.9 
2651.22 2779.35 2923.19 2719.88 2937.56 2857.52 2699.03 
2187.66 2339.03 2527.06 2250.52 2738.88 2713.56 2127.05 

2
1	2	
5
3	4	5	6	7	
742.888	587.937	651.435	415.864	416.733	
122.886	111.978	106.323	182.647	114.669	
1
3	

4
4	5	6	7	
4
8	9	10	11	
1081.62	1340.8	681.428	1360.03	
186.267	190.581	221.371	200.698	
2
8	10	

2
9	11	
4
12	13	14	15	
987.277	998.081	426.637	611.797	
172.866	236.734	162.087	222.56	
4
12	13	14	15	


m1
2286.84 1862.31 388.122 374.098 794.344 945.293 522.607 
0
0 0 0 0 0 0 0 
717.162
1.13241

4
3	4	5	7	
0.887511	0.957155	0.747059	0.791612	

0


m2
1966.42 2769.56 506.018 281.774 816.53 1458.63 1019.43 
0
0 0 0 0 0 0 0 
877.986
0.94469

3
3	4	6	
0.764968	0.954617	0.793261	

0


m3
0 0 0 0 0 0 0 
5888.46
0 1032.24 4856.22 0 0 0 0 
29.3849
13.5222

0



2
1	2	

m4
823.528 882.162 127.73 163.814 507.22 388.301 271.719 
0
0 0 0 0 0 0 0 
436.923
2.77888

3
8	9	10	
0.800907	0.79404	0.722052	

2
1	2	

m5
740.612 787.031 149.541 167.94 254.4 375.267 448.33 
0
0 0 0 0 0 0 0 
278.436
2.74718

3
8	9	11	
0.832238	0.851959	0.932288	

1
1	

m6
928.311 858.512 221.663 172.071 240.653 237.643 225.03 
0
0 0 0 0 0 0 0 
365.924
3.31849

3
8	10	11	
0.96971	0.833581	0.743408	

1
2	

m7
664.763 927.255 77.8705 81.0839 193.602 235.176 190.088 
0
0 0 0 0 0 0 0 
370.995
2.97337

4
8	9	10	11	
0.721562	0.769569	0.833551	0.857673	

1
1	

m8
0 0 0 0 0 0 0 
11265.7
0 0 11265.7 0 0 0 0 
416.113
16.0158

0



4
4	5	6	7	

m9
798.576 873.455 219.986 234.998 480.755 396.241 218.287 
0
0 0 0 0 0 0 0 
426.175
6.85656

4
12	13	14	15	
0.84386	0.957067	0.74444	0.927872	

3
4	5	7	

m10
0 0 0 0 0 0 0 
8584.4
0 3261.1 4153.19 0 0 1170.11 0 
261.135
14.9097

0



3
4	6	7	

m11
1073.74 1384.68 171.966 327.433 288.384 473.552 604.284 
0
0 0 0 0 0 0 0 
494.715
7.88942

4
12	13	14	15	
0.928521	0.768136	0.902314	0.909935	

3
5	6	7	

m12
0 0 0 0 0 0 0 
7037.51
0 0 0 0 0 0 7037.51 
670.258
15.8388

0



2
9	11	

m13
0 0 0 0 0 0 0 
13862.8
0 0 0 0 0 13862.8 0 
558.999
19.1657

0



2
9	11	

m14
0 0 0 0 0 0 0 
3978.24
0 0 0 0 2047.06 0 1931.19 
286.849
15.2373

0



2
9	11	

m15
0 0 0 0 0 0 0 
13499.3
0 0 0 0 3818.38 9680.89 0 
1732.65
15.9302

0



2
9	11	


4 3 3
