3
7
15
5 4 3 3

2520.56 2800.15 2663.19 
2678.77 2004.07 2779.21 2309.59 2006.35 2620.81 2596.4 
2775.89 2077.82 2276.5 2467.75 2043.87 2743.27 2725.27 
2424.92 2772.94 2810.34 2318.18 2635.43 2946.75 2620.44 

5
1	2	3	4	5	
4
6	7	8	9	
1389.68	748.415	710.22	1117.28	
343.42	443.018	274.978	266.557	
1
8	

3
6	7	9	
3
10	11	12	
970.438	417.308	690.193	
185.751	138.789	132.283	
1
11	

2
10	12	
3
13	14	15	
1438.23	733.859	1584.29	
227.591	405.004	347.306	
3
13	14	15	


m1
780.762 767.581 146.077 75.7117 292.409 211.052 177.011 
0
0 0 0 0 0 0 0 
220.804
1.03595

2
6	9	
0.950359	0.870794	

0


m2
825.588 787.783 245.185 142.828 441.6 449.518 304.852 
0
0 0 0 0 0 0 0 
252.957
0.864214

1
7	
0.963827	

0


m3
804.451 745.52 109.921 58.2673 434.433 400.859 225.061 
0
0 0 0 0 0 0 0 
224.921
1.13453

2
6	8	
0.877658	0.858254	

0


m4
569.062 575.551 56.5343 213.752 307.282 171.564 409.224 
0
0 0 0 0 0 0 0 
328.021
0.875745

2
6	9	
0.873799	0.828124	

0


m5
725.043 849.515 81.7663 166.784 441.86 444.349 287.295 
0
0 0 0 0 0 0 0 
289.936
0.979521

2
6	9	
0.838237	0.835727	

0


m6
1453.88 1223.82 246.729 317.444 401.226 426.582 379.654 
0
0 0 0 0 0 0 0 
637.333
2.61254

1
10	
0.841839	

4
1	3	4	5	

m7
555.27 499.372 117.195 131.048 190.437 213 197.04 
0
0 0 0 0 0 0 0 
199.011
2.56643

2
10	11	
0.955454	0.786591	

1
2	

m8
0 0 0 0 0 0 0 
8408.46
0 3003.7 0 5404.76 0 0 0 
359.287
14.8927

0



1
3	

m9
870.804 1057.51 94.5726 235.412 539.023 637.102 617.114 
0
0 0 0 0 0 0 0 
363.789
3.19415

2
11	12	
0.878986	0.794525	

3
1	4	5	

m10
1094.62 1168.93 285.903 338.498 299.651 580.454 496.544 
0
0 0 0 0 0 0 0 
501.397
8.34006

2
13	15	
0.829813	0.738402	

2
6	7	

m11
0 0 0 0 0 0 0 
9945.22
0 0 0 6514.41 0 3430.81 0 
22.5556
18.4756

0



2
7	9	

m12
1511.82 1301.68 175.366 223.625 525.732 462.841 577.018 
0
0 0 0 0 0 0 0 
677.109
6.95464

2
13	14	
0.813533	0.785189	

1
9	

m13
0 0 0 0 0 0 0 
625.459
0 0 0 0 625.459 0 0 
53.6936
18.5663

0



2
10	12	

m14
0 0 0 0 0 0 0 
19341.8
0 0 0 0 0 19341.8 0 
1632.29
19.1808

0



1
12	

m15
0 0 0 0 0 0 0 
4637.02
0 0 0 0 713.76 785.428 3137.83 
122.164
15.793

0



1
10	


2 3 2
