3
7
15
5 5 3 2

2413.58 2820.02 2569.96 
2390.99 2567.14 2134.26 2714.05 2329.6 2223.41 2409.28 
2960.17 2406.87 2949.45 2356.07 2771.11 2769.67 2590.27 
2068.05 2145.44 2455.54 2096.28 2876.57 2519.41 2377.63 

5
1	2	3	4	5	
5
6	7	8	9	10	
1173.82	1312.12	1370.04	1281.72	988.217	
273.983	233.581	305.048	269.528	246.155	
2
6	7	

3
8	9	10	
3
11	12	13	
744.47	1196.72	889.942	
243.287	216.65	230.16	
1
11	

2
12	13	
2
14	15	
602.511	1052.32	
266.229	329.331	
2
14	15	


m1
739.854 722.789 259.354 259.661 326.003 194.945 413.372 
0
0 0 0 0 0 0 0 
304.856
0.905987

1
6	
0.811463	

0


m2
776.844 775.787 220.149 62.9209 237.037 205.66 399.293 
0
0 0 0 0 0 0 0 
337.52
0.871378

1
7	
0.840648	

0


m3
873.674 970.168 278.475 234.25 254.757 495.185 518.546 
0
0 0 0 0 0 0 0 
314.202
1.0277

1
8	
0.78137	

0


m4
721.27 701.738 144.701 196.855 358.533 423.504 418.475 
0
0 0 0 0 0 0 0 
274.546
0.988666

1
9	
0.848894	

0


m5
825.463 861.311 153.532 98.8972 431.883 291.839 225.013 
0
0 0 0 0 0 0 0 
346.544
0.920849

1
10	
0.80966	

0


m6
0 0 0 0 0 0 0 
10215.5
1622.15 0 6238.22 2355.16 0 0 0 
470.851
12.9202

0



1
1	

m7
0 0 0 0 0 0 0 
6692.54
0 4089.33 2603.21 0 0 0 0 
1371.54
17.0796

0



1
2	

m8
610.616 849.232 84.011 142.508 236.646 329.429 449.157 
0
0 0 0 0 0 0 0 
386.925
3.26326

1
11	
0.815082	

1
3	

m9
1023.47 1127.45 319.518 175.957 484.502 538.194 543.731 
0
0 0 0 0 0 0 0 
298.364
2.76251

1
12	
0.902629	

1
4	

m10
560.274 588.573 151.978 159.469 240.758 245.929 287.016 
0
0 0 0 0 0 0 0 
199.026
3.01842

1
13	
0.848234	

1
5	

m11
0 0 0 0 0 0 0 
9169.36
0 2882.9 0 0 3001.75 3284.7 0 
637.063
13.2353

0



1
8	

m12
1040.86 1351.67 254.646 258.525 405.25 563.134 389.443 
0
0 0 0 0 0 0 0 
553.08
7.42735

1
14	
0.964699	

1
9	

m13
1194.56 1528.23 320.591 469.491 894.477 380.759 666.744 
0
0 0 0 0 0 0 0 
719.271
7.79667

1
15	
0.806537	

1
10	

m14
0 0 0 0 0 0 0 
27978.9
0 0 0 15134.8 0 5888.6 6955.53 
1104.99
18.5894

0



1
12	

m15
0 0 0 0 0 0 0 
20077.8
0 0 0 3290.82 11543.6 5243.35 0 
4614.53
12.9836

0



1
13	


2 3 2
