3
7
15
3 4 5 3

2380.37 2481.44 2923.41 
2033.63 2136.49 2816.4 2116.34 2415.39 2101.24 2048.67 
2424.18 2660.97 2729.83 2107.04 2214.24 2390.8 2091.68 
2765.8 2592.13 2897.05 2236.03 2067.04 2467.65 2035.1 

3
1	2	3	
4
4	5	6	7	
739.333	620.04	576.334	1216.48	
177.633	155.608	183.073	255.497	
1
5	

3
4	6	7	
5
8	9	10	11	12	
686.044	555.615	522.009	592.122	550.391	
138.887	187.741	134.953	113.936	172.493	
3
9	11	12	

2
8	10	
3
13	14	15	
1240.88	1712.71	800.509	
231.871	425.131	321.65	
3
13	14	15	


m1
932.068 886.887 161.875 135.894 555.236 505.706 480.741 
0
0 0 0 0 0 0 0 
476.026
1.18012

3
4	6	7	
0.850424	0.93136	0.84129	

0


m2
1011.57 1161.85 301.44 118.795 475.42 680.137 277.434 
0
0 0 0 0 0 0 0 
605.23
0.965022

3
5	6	7	
0.79227	0.9549	0.720941	

0


m3
805.672 1045.57 135.038 246.38 464.376 454.096 368.765 
0
0 0 0 0 0 0 0 
336.954
0.962072

2
5	6	
0.876396	0.859354	

0


m4
1171.75 1285.56 393.947 391.821 735.464 285.605 537.977 
0
0 0 0 0 0 0 0 
407.674
2.67279

2
8	11	
0.81771	0.949102	

1
1	

m5
0 0 0 0 0 0 0 
9711.55
0 4894.22 0 4817.33 0 0 0 
1997.41
18.4383

0



2
2	3	

m6
766.302 949.664 244.829 260.727 332.355 315.337 522.292 
0
0 0 0 0 0 0 0 
308.614
2.78076

3
8	9	12	
0.803889	0.815348	0.971007	

3
1	2	3	

m7
1049.03 995.701 216.174 79.6073 438.017 380.33 275.374 
0
0 0 0 0 0 0 0 
350.683
3.22032

2
8	10	
0.790811	0.904116	

2
1	2	

m8
1152.54 811.659 304.552 198.102 339.253 555.056 413.491 
0
0 0 0 0 0 0 0 
481.863
5.72159

2
13	15	
0.856723	0.735189	

3
4	6	7	

m9
0 0 0 0 0 0 0 
4425.04
0 2036.87 0 0 0 2388.17 0 
369.485
13.622

0



1
6	

m10
1192.86 1240.67 387.009 280.303 364.068 287.959 553.867 
0
0 0 0 0 0 0 0 
377.558
5.89113

3
13	14	15	
0.944619	0.967445	0.971012	

1
7	

m11
0 0 0 0 0 0 0 
12089
0 12089 0 0 0 0 0 
2387.44
15.0762

0



1
4	

m12
0 0 0 0 0 0 0 
8446.51
0 8446.51 0 0 0 0 0 
1359.97
12.8175

0



1
6	

m13
0 0 0 0 0 0 0 
1058.68
0 0 0 0 1058.68 0 0 
119.961
14.707

0



2
8	10	

m14
0 0 0 0 0 0 0 
13547.1
0 0 0 0 0 13547.1 0 
3144.88
17.5222

0



1
10	

m15
0 0 0 0 0 0 0 
4904.46
0 0 0 1829.08 0 3075.38 0 
626.157
12.9759

0



2
8	10	


3 4 2
